20150503_221227	20150503_221227.583	0.11611878	9.834184	-0.3854665	0.19602527	9.79827	-0.35090017	0.009687249	-0.001498028	-0.004061321	-0.07990648	0.035913024	-0.034566287	5.808812	13.09303	0.80778944	0.09045228	0.7139357	0.6904463	0.073472224
20150503_221227	20150503_221227.617	0.11731588	9.878476	-0.36511576	0.19557635	9.79827	-0.35090017	9.986854E-5	-0.001498028	-0.0051265853	-0.07826047	0.08020575	-0.014215573	5.6932774	12.924471	0.6501924	0.09043557	0.7139402	0.69044197	0.07348964
20150503_221227	20150503_221227.650	0.12689269	9.888053	-0.39384618	0.19512744	9.79827	-0.35119945	-0.010552776	-0.0025632926	-0.002996056	-0.06823475	0.089782566	-0.042646717	5.646661	12.561984	0.84235644	0.0904217	0.7139505	0.6904316	0.07350424
20150503_221227	20150503_221227.683	0.107739076	9.862914	-0.39743748	0.1945289	9.79842	-0.3513491	-0.0052264538	-0.001498028	0.002330266	-0.092775315	0.07526772	-0.038905777	5.731265	11.970787	1.3713725	0.09040261	0.71396077	0.6904214	0.07352425
20150503_221227	20150503_221227.716	0.1316811	9.886856	-0.39983168	0.19407998	9.79842	-0.35164836	0.0075567197	6.3250074E-4	-0.002996056	-0.0863409	0.064493805	-0.045789108	5.78756	11.313161	2.1940844	0.09038511	0.7139723	0.6904098	0.07354263
20150503_221227	20150503_221227.753	0.11372458	9.836577	-0.39025488	0.19318216	9.79842	-0.35209727	0.010752513	0.0027630297	0.0033955304	-0.079457566	0.03815759	-0.03815759	5.594108	10.409533	3.8703449	0.090356566	0.7139934	0.69038844	0.073572636
20150503_221227	20150503_221227.783	0.107739076	9.831789	-0.40581718	0.19318216	9.79842	-0.35209727	0.010752513	0.0027630297	0.0033955304	-0.079457566	0.03815759	-0.03815759	5.594108	10.409533	3.8703449	0.090356566	0.7139934	0.69038844	0.073572636
20150503_221227	20150503_221227.815	0.107739076	9.831789	-0.40581718	0.1925836	9.79842	-0.35239655	0.009687249	-4.3276369E-4	-0.0061918497	-0.08484452	0.033369187	-0.053420626	5.874881	10.023923	4.2557936	0.09033974	0.71400684	0.6903749	0.07359036
20150503_221227	20150503_221227.847	0.10534488	9.862914	-0.39983168	0.1921347	9.79842	-0.35269585	0.009687249	-0.0036285568	-0.015779229	-0.08678981	0.064493805	-0.047135845	6.263669	9.74596	4.3647075	0.0903222	0.7140187	0.690363	0.07360879
20150503_221227	20150503_221227.881	0.09816227	9.854534	-0.40222588	0.19153613	9.79842	-0.35299513	0.0075567197	-0.007889614	-0.015779229	-0.093373865	0.056114104	-0.049230773	6.4637694	9.767437	4.3348365	0.09030331	0.7140311	0.69035023	0.0736286
20150503_221227	20150503_221227.913	0.07182605	9.865308	-0.40102878	0.19078794	9.79842	-0.3532944	0.0022303974	-0.013215937	-0.011518172	-0.1189619	0.06688801	-0.047734395	6.4896026	10.105827	4.214904	0.09027894	0.71404403	0.6903375	0.07365413
20150503_221227	20150503_221227.947	0.047884032	9.827001	-0.39743748	0.18989012	9.79842	-0.35359368	-0.0030959249	-0.013215937	-8.6552737E-4	-0.14200608	0.028580783	-0.043843817	6.3825545	10.691897	3.9569287	0.090249754	0.714057	0.69032466	0.073684655
20150503_221227	20150503_221227.980	0.04189853	9.850943	-0.427365	0.18899229	9.79842	-0.3540426	-0.009487512	-0.008954879	0.008721853	-0.14709377	0.0525228	-0.07332243	6.099617	11.384163	3.402013	0.09022021	0.71407616	0.6903055	0.07371569
20150503_221228	20150503_221228.013	0.093373865	9.886856	-0.39983168	0.1882441	9.79842	-0.35419223	-0.010552776	0.0048935586	0.016178703	-0.12719196	0.07526772	-0.043245267	5.565991	12.004952	2.5924358	0.09019394	0.7140882	0.6902935	0.073743165
20150503_221228	20150503_221228.045	0.093373865	9.886856	-0.39983168	0.19138649	9.79827	-0.3532944	-0.0073569827	0.01980726	0.02043976	-0.09801263	0.088585466	-0.046537295	5.003428	12.5281	1.8511912	0.09007609	0.71407056	0.6903622	0.07341373
20150503_221228	20150503_221228.080	0.17357962	9.886856	-0.37229836	0.19632454	9.79827	-0.35389295	9.986854E-5	0.02726411	0.019374497	-0.04309563	0.108936176	-0.023193829	4.805644	12.975284	1.3932428	0.08993645	0.7141089	0.69039255	0.07292572
20150503_221228	20150503_221228.111	0.17357962	9.886856	-0.37229836	0.20081367	9.797971	-0.35673606	0.0075567197	0.02193779	0.016178703	-0.027234044	0.08888474	-0.015562311	4.9993873	13.238277	1.2354816	0.08984889	0.71421933	0.6903338	0.07250593
20150503_221228	20150503_221228.145	0.16519992	9.800665	-0.40581718	0.20066403	9.797971	-0.35673606	0.009687249	0.01021988	0.014048175	-0.0175076	0.046986207	-0.01436521	5.386305	13.272164	1.2671646	0.08984526	0.71422255	0.6903306	0.072509766
20150503_221228	20150503_221228.178	0.16519992	9.800665	-0.40581718	0.20051439	9.797971	-0.35703534	0.0118177775	-0.001498028	0.011917646	-0.035314474	0.0026934769	-0.04878186	5.7443485	13.145385	1.3682061	0.08983895	0.7142338	0.69031906	0.07251655
20150503_221228	20150503_221228.210	0.14844051	9.807847	-0.3890578	0.20006548	9.797971	-0.35718498	0.009687249	-0.0068243505	0.0065913238	-0.051624972	0.009876082	-0.03187281	5.8544126	12.863044	1.5120635	0.0898287	0.7142418	0.6903109	0.07252734
20150503_221228	20150503_221228.243	0.1376666	9.800665	-0.39264908	0.1997662	9.797971	-0.35748425	0.0022303974	-0.005759086	0.0012650015	-0.062099606	0.0026934769	-0.035164837	5.735178	12.458374	1.5885055	0.089816384	0.714251	0.6903017	0.072540306
20150503_221228	20150503_221228.277	0.130484	9.8198185	-0.40342298	0.19931729	9.797971	-0.35778353	-0.0052264538	-0.0046938215	-0.004061321	-0.0688333	0.02184709	-0.04563947	5.7230387	12.045698	1.5285401	0.08980282	0.71426237	0.6902902	0.072554626
20150503_221228	20150503_221228.311	0.1328782	9.876082	-0.4177882	0.19886838	9.797971	-0.35823244	-0.006291718	-0.0036285568	-0.0061918497	-0.06599019	0.045789108	-0.07631518	6.0168386	11.814816	1.5192227	0.0897905	0.71427995	0.6902722	0.07256776
20150503_221228	20150503_221228.343	0.1328782	9.876082	-0.4177882	0.1985691	9.797971	-0.3585317	-9.653959E-4	6.3250074E-4	0.002330266	-0.06569091	0.07811083	-0.05925649	6.3392067	11.924313	1.6101712	0.089777656	0.7142937	0.69025826	0.07258137
20150503_221228	20150503_221228.376	0.1364695	9.811439	-0.37948096	0.19812019	9.797971	-0.35868135	9.986854E-5	-4.3276369E-4	0.002330266	-0.061650693	0.0134673845	-0.020799628	6.359014	12.263774	1.6864623	0.089764975	0.7142997	0.6902523	0.07259464
20150503_221228	20150503_221228.410	0.1400608	9.895236	-0.39384618	0.19782092	9.797971	-0.358831	-0.013748569	-0.0025632926	-0.0072571137	-0.057760116	0.09726445	-0.0350152	6.1116285	12.423168	1.755497	0.08975304	0.71430796	0.690244	0.0726072
20150503_221228	20150503_221228.442	0.1400608	9.895236	-0.39384618	0.19782092	9.797971	-0.358831	-0.013748569	-0.0025632926	-0.0072571137	-0.057760116	0.09726445	-0.0350152	6.1116285	12.423168	1.755497	0.08975304	0.71430796	0.690244	0.0726072
20150503_221228	20150503_221228.475	0.1352724	9.865308	-0.37469256	0.19527708	9.79827	-0.35344404	-0.0073569827	-0.001498028	0.0012650015	-0.06000468	0.06703765	-0.02124854	5.65579	11.481703	2.529059	0.089661464	0.714125	0.6904307	0.072743475
20150503_221228	20150503_221228.507	0.14963761	9.830592	-0.38067806	0.1949778	9.79827	-0.35359368	0.005426191	6.3250074E-4	-8.6552737E-4	-0.045340195	0.03232172	-0.027084406	5.396164	10.770181	3.2631314	0.08965237	0.7141318	0.69042397	0.072753064
20150503_221228	20150503_221228.552	0.17118542	9.859323	-0.37349546	0.1945289	9.79827	-0.3537433	-0.0052264538	-0.0025632926	0.0012650015	-0.023343466	0.061052144	-0.019752163	5.366184	9.641065	4.383788	0.089637734	0.71414137	0.6904145	0.072768465
20150503_221228	20150503_221228.573	0.17118542	9.859323	-0.37349546	0.1945289	9.79827	-0.3537433	-0.0052264538	-0.0025632926	0.0012650015	-0.023343466	0.061052144	-0.019752163	5.366184	9.641065	4.383788	0.089637734	0.71414137	0.6904145	0.072768465
20150503_221228	20150503_221228.608	0.1352724	9.805453	-0.3878607	0.19422962	9.79827	-0.3540426	-0.012683305	-0.005759086	0.0012650015	-0.04938041	0.10295067	-0.044592008	5.5689936	9.582145	4.6642413	0.089627825	0.71415126	0.6904042	0.07277892
20150503_221228	20150503_221228.639	0.1352724	9.805453	-0.3878607	0.1937807	9.79827	-0.35419223	-0.0041611893	-0.0046938215	0.0012650015	-0.058508303	0.007182605	-0.033668462	5.7584043	9.978207	4.746078	0.08961621	0.71415997	0.6903955	0.07279117
20150503_221228	20150503_221228.673	0.12689269	9.859323	-0.37708676	0.19348143	9.79827	-0.35434186	0.0032956619	-0.005759086	-0.013648701	-0.06180033	0.074220255	-0.023942016	6.007845	10.646776	4.5387015	0.08960327	0.71416616	0.69038934	0.07280472
20150503_221228	20150503_221228.705	0.12689269	9.859323	-0.37708676	0.19303252	9.79827	-0.3544915	0.0032956619	-0.0068243505	-0.014713965	-0.066139825	0.061052144	-0.022595279	6.2365756	11.387376	4.1600184	0.08958946	0.7141724	0.69038326	0.07281917
20150503_221228	20150503_221228.738	0.12330139	9.850943	-0.37349546	0.1925836	9.79827	-0.3544915	9.986854E-5	-0.007889614	-0.0051265853	-0.06928221	0.05267244	-0.019003976	6.350751	11.9860735	3.7150996	0.089574866	0.7141778	0.69037783	0.072834395
20150503_221228	20150503_221228.771	0.095768064	9.841366	-0.39624038	0.19198506	9.79827	-0.35479078	0.001165133	-0.0068243505	-0.0051265853	-0.096216984	0.04309563	-0.041449618	6.3876133	12.264867	3.1187732	0.08955526	0.7141889	0.6903668	0.07285495
20150503_221228	20150503_221228.804	0.092176765	9.854534	-0.38187516	0.19138649	9.79827	-0.3549404	9.986854E-5	6.3250074E-4	-0.009387643	-0.09920973	0.05626374	-0.026934769	6.3060217	12.231759	2.4791064	0.089534596	0.71419686	0.690359	0.07287656
20150503_221228	20150503_221228.837	0.11252748	9.874885	-0.38187516	0.19093758	9.79827	-0.35509005	-0.0020306604	0.003828294	-0.013648701	-0.078410104	0.076614454	-0.026785132	6.18401	12.071091	2.0789864	0.08951819	0.71420413	0.6903518	0.072893724
20150503_221228	20150503_221228.870	0.11252748	9.858126	-0.37349546	0.19048867	9.79827	-0.3552397	-9.653959E-4	6.3250074E-4	-0.009387643	-0.07796119	0.059855044	-0.018255789	6.1559253	11.985232	1.9912508	0.08950175	0.71420956	0.69034636	0.07291086
20150503_221228	20150503_221228.904	0.108936176	9.846154	-0.38067806	0.18989012	9.79827	-0.35538933	-0.0030959249	-0.0046938215	1.9973709E-4	-0.08095395	0.047884032	-0.025288755	6.1337204	11.9521	2.129461	0.08948494	0.71421677	0.69033927	0.072928466
20150503_221228	20150503_221228.938	0.11492168	9.902418	-0.39983168	0.18929157	9.79827	-0.35553896	-0.0073569827	-0.0068243505	0.0055260593	-0.10908581	0.07182605	-0.046686932	6.059334	11.876474	2.333375	0.08946255	0.71422905	0.690327	0.07295193
20150503_221228	20150503_221228.970	0.11372458	9.870096	-0.3866636	0.18884265	9.79827	-0.35583824	-0.0041611893	-0.001498028	0.0055260593	-0.07392098	0.10414778	-0.043993454	6.0341353	11.780678	2.394684	0.08944745	0.71423966	0.6903164	0.07296781
20150503_221229	20150503_221229.012	0.130484	9.858126	-0.37948096	0.18794483	9.79827	-0.3561375	0.005426191	0.01021988	-0.0019307918	-0.05746084	0.059855044	-0.023343466	6.1148	11.929769	2.223099	0.08941999	0.7142537	0.6903024	0.072996564
20150503_221229	20150503_221229.044	0.1340753	9.865308	-0.35793316	0.18764555	9.79827	-0.3561375	0.0064914552	0.005958823	-8.6552737E-4	-0.053570263	0.06703765	-0.0017956513	6.1078963	11.974701	2.2527208	0.089408234	0.71425503	0.69030106	0.07300877
20150503_221229	20150503_221229.075	0.11731588	9.842564	-0.37708676	0.18719664	9.79827	-0.35628715	0.008621984	-0.0036285568	-8.6552737E-4	-0.06988076	0.044292733	-0.020799628	6.135008	12.065503	2.2319098	0.089393646	0.7142611	0.69029516	0.07302402
20150503_221229	20150503_221229.102	0.10414778	9.822212	-0.39384618	0.18719664	9.79827	-0.35628715	0.008621984	-0.0036285568	-8.6552737E-4	-0.06988076	0.044292733	-0.020799628	6.135008	12.065503	2.2319098	0.089393646	0.7142611	0.69029516	0.07302402
20150503_221229	20150503_221229.135	0.10414778	9.822212	-0.39384618	0.18674773	9.79827	-0.3564368	0.008621984	-0.010020143	-8.6552737E-4	-0.08259996	0.023942016	-0.037409402	6.098766	12.145388	2.1614387	0.08937695	0.71427107	0.69028515	0.07304154
20150503_221229	20150503_221229.169	0.08020575	9.861717	-0.39264908	0.18614918	9.79827	-0.35673606	0.005426191	-0.007889614	-8.6552737E-4	-0.10594343	0.06344634	-0.035913024	6.0245943	11.877627	2.1999722	0.08935505	0.7142811	0.69027525	0.07306446
20150503_221229	20150503_221229.202	0.09816227	9.842564	-0.37948096	0.18555063	9.79827	-0.3568857	0.0022303974	-4.3276369E-4	-0.002996056	-0.08379706	0.05267244	-0.047734395	5.9766846	11.214757	2.5947108	0.08933815	0.71429294	0.6902631	0.073082194
20150503_221229	20150503_221229.234	0.09816227	9.842564	-0.37948096	0.18510172	9.79827	-0.35703534	9.986854E-5	0.003828294	-0.0019307918	-0.08693945	0.044292733	-0.022445641	5.965647	10.435021	3.3486636	0.089320056	0.71429974	0.6902565	0.07310112
20150503_221229	20150503_221229.266	0.108936176	9.853337	-0.39025488	0.18450317	9.79827	-0.3573346	-0.0020306604	0.0027630297	1.9973709E-4	-0.07556699	0.055066638	-0.032920275	6.03379	9.857754	4.0952287	0.08930455	0.71430844	0.6902479	0.07311739
20150503_221229	20150503_221229.299	0.090979666	9.900024	-0.40581718	0.18405426	9.79827	-0.35748425	0.001165133	-0.001498028	0.0012650015	-0.09307459	0.10175357	-0.04833295	6.1262593	9.565689	4.482626	0.08928551	0.7143203	0.6902358	0.07313736
20150503_221229	20150503_221229.334	0.12449849	9.736021	-0.39624038	0.1834557	9.79827	-0.35793316	0.008621984	0.0027630297	0.008721853	-0.07451953	0.075417355	-0.06344634	6.1378098	9.378575	4.5327206	0.089270875	0.71433514	0.6902207	0.07315283
20150503_221229	20150503_221229.365	0.12449849	9.736021	-0.39624038	0.18315643	9.79827	-0.3580828	0.010752513	0.011285145	0.009787117	-0.05865794	-0.062249243	-0.03815759	5.97481	9.234087	4.4414988	0.089259684	0.7143453	0.6902105	0.07316466
20150503_221229	20150503_221229.400	0.14604631	9.898827	-0.35913026	0.18285716	9.79827	-0.35823244	-0.0073569827	0.011285145	-0.012583436	-0.042796355	0.027533319	-0.024839843	5.567711	9.361255	4.1523786	0.08925107	0.7143514	0.69020414	0.07317369
20150503_221229	20150503_221229.431	0.14604631	9.898827	-0.35913026	0.17687166	9.798719	-0.351798	-0.020140156	0.003828294	-0.014713965	-0.030825347	0.10010756	-0.0073322426	5.1543136	9.949303	3.5587432	0.08896436	0.71415627	0.6904221	0.07337215
20150503_221229	20150503_221229.464	0.11133038	9.828198	-0.37469256	0.17657238	9.798719	-0.35194764	-0.013748569	-0.0068243505	0.0033955304	-0.065242	0.029478608	-0.022744916	5.027594	10.81921	2.93719	0.08895092	0.7141626	0.6904158	0.0733862
20150503_221229	20150503_221229.498	0.075417355	9.812635	-0.38067806	0.17597382	9.798719	-0.35209727	-0.0073569827	-0.012150672	0.0065913238	-0.10055647	0.013916298	-0.028580783	5.0628743	11.577292	2.5589635	0.088930205	0.7141713	0.6904073	0.073407836
20150503_221229	20150503_221229.530	0.08499416	9.832987	-0.37588966	0.17537527	9.798719	-0.3522469	-0.008422247	-0.005759086	0.0055260593	-0.090381116	0.034267012	-0.023642741	5.034924	11.953741	2.297589	0.08891139	0.71417844	0.69040006	0.07342747
20150503_221229	20150503_221229.564	0.088585466	9.872491	-0.3854665	0.17477672	9.798719	-0.35239655	-0.013748569	0.003828294	0.0065913238	-0.08619126	0.07377134	-0.033069912	5.056539	12.073404	2.0992253	0.08889353	0.71418726	0.6903914	0.073446155
20150503_221229	20150503_221229.596	0.11133038	9.859323	-0.33518824	0.17597382	9.798869	-0.34596214	-0.018009627	0.012350409	0.010852382	-0.06464344	0.060453594	0.010773907	5.29055	12.269434	1.9702228	0.088769466	0.71397275	0.69064546	0.073293276
20150503_221229	20150503_221229.630	0.11372458	9.940725	-0.37349546	0.17567454	9.798869	-0.34611177	-0.015879098	0.014480938	0.0065913238	-0.06194997	0.14185645	-0.027383681	5.6093683	12.433438	1.8108056	0.0887563	0.7139791	0.69063896	0.073307015
20150503_221229	20150503_221229.662	0.1328782	9.850943	-0.33518824	0.17537527	9.798869	-0.34611177	0.0064914552	0.013415674	0.008721853	-0.04249708	0.05207389	0.010923545	5.8164988	12.356679	1.6090353	0.08874669	0.7139777	0.69064075	0.07331696
20150503_221229	20150503_221229.695	0.12449849	9.861717	-0.38067806	0.175076	9.798869	-0.3462614	0.015013571	0.005958823	0.002330266	-0.05057751	0.06284779	-0.03441665	5.8847446	12.298898	1.4418265	0.088736475	0.71398586	0.69063234	0.07332769
20150503_221229	20150503_221229.731	0.12090719	9.811439	-0.36511576	0.17477672	9.798869	-0.34641105	0.010752513	0.003828294	0.008721853	-0.053869538	0.012569559	-0.018704701	5.858304	12.365543	1.3984563	0.088725425	0.7139912	0.6906271	0.07333926
20150503_221229	20150503_221229.761	0.11252748	9.816227	-0.39025488	0.1743278	9.798869	-0.3465607	0.005426191	0.0027630297	0.0065913238	-0.06180033	0.017357962	-0.04369418	5.880955	12.508115	1.4673555	0.08871328	0.71400195	0.6906161	0.07335202
20150503_221229	20150503_221229.794	0.1352724	9.7863	-0.3842694	0.17417817	9.798869	-0.34685996	0.005426191	0.005958823	-0.004061321	-0.038905777	-0.012569559	-0.037409402	6.011646	12.718109	1.5613878	0.08870602	0.714011	0.6906069	0.073359735
20150503_221229	20150503_221229.828	0.15322891	9.818622	-0.35793316	0.17402853	9.798869	-0.34685996	0.001165133	0.0048935586	-0.013648701	-0.020799628	0.019752163	-0.011073183	6.1532173	12.755426	1.6339626	0.08870169	0.7140137	0.69060403	0.07336426
20150503_221229	20150503_221229.861	0.1388637	9.842564	-0.35673606	0.17372926	9.798869	-0.3470096	-0.006291718	-0.0025632926	-0.015779229	-0.034865562	0.04369418	-0.009726444	6.3016534	12.584111	1.7858471	0.08869425	0.71401644	0.69060147	0.07337202
20150503_221229	20150503_221229.900	0.079008654	9.874885	-0.3842694	0.17283143	9.798869	-0.34730887	-0.009487512	-0.012150672	1.9973709E-4	-0.09382278	0.076015905	-0.03696049	6.498934	12.06379	2.6361015	0.08866318	0.7140306	0.69058734	0.073404476
20150503_221229	20150503_221229.932	0.076614454	9.873688	-0.3842694	0.17223288	9.798869	-0.3474585	-0.0052264538	-0.0025632926	0.002330266	-0.09561843	0.074818805	-0.036810853	6.406406	11.454153	3.1043446	0.08864343	0.7140404	0.69057757	0.07342513
20150503_221230	20150503_221229.990	0.1364695	9.873688	-0.36750996	0.1719336	9.798869	-0.34760815	0.0022303974	0.011285145	0.002330266	-0.049829323	0.0664391	-0.0199018	6.125682	10.741529	3.3916628	0.088633	0.7140455	0.69057256	0.07343604
20150503_221230	20150503_221230.007	0.1364695	9.873688	-0.36750996	0.17178397	9.798869	-0.34760815	0.0075567197	0.016611468	1.9973709E-4	-0.035314474	0.074818805	-0.0199018	5.7364163	10.224715	3.5950806	0.08862558	0.7140501	0.6905678	0.07344379
20150503_221230	20150503_221230.053	0.1436521	9.840169	-0.36391866	0.1714847	9.798869	-0.3477578	0.010752513	0.013415674	0.0012650015	-0.027832596	0.04129998	-0.01616086	5.3723707	10.022498	3.8666236	0.08861981	0.71405405	0.6905639	0.073449865
20150503_221230	20150503_221230.059	0.1436521	9.840169	-0.36391866	0.1714847	9.798869	-0.3477578	0.010752513	0.013415674	0.0012650015	-0.027832596	0.04129998	-0.01616086	5.3723707	10.022498	3.8666236	0.08861981	0.71405405	0.6905639	0.073449865
20150503_221230	20150503_221230.094	0.1376666	9.840169	-0.39264908	0.17133506	9.798869	-0.34790742	0.010752513	0.0027630297	1.9973709E-4	-0.033668462	0.054468088	-0.018405426	5.12213	9.951174	4.116948	0.08861284	0.7140585	0.6905595	0.07345719
20150503_221230	20150503_221230.124	0.11372458	9.840169	-0.39264908	0.17103578	9.798869	-0.34805706	0.0075567197	-0.005759086	-0.0019307918	-0.057311203	0.04129998	-0.044592008	5.020318	9.808022	4.1442747	0.0886016	0.7140691	0.69054854	0.07346902
20150503_221230	20150503_221230.157	0.092176765	9.829395	-0.40102878	0.17043723	9.798869	-0.34835634	0.0043609263	-0.008954879	-0.004061321	-0.07826047	0.030526072	-0.05267244	5.009549	9.8073635	3.8369932	0.08858618	0.71408224	0.69053537	0.07348524
20150503_221230	20150503_221230.191	0.08140286	9.846154	-0.40462008	0.16998832	9.798869	-0.34880525	9.986854E-5	-0.0068243505	-0.0072571137	-0.088585466	0.047285482	-0.05581483	5.014701	10.364823	3.3268108	0.08856856	0.7140961	0.69052136	0.07350376
20150503_221230	20150503_221230.223	0.08379706	9.825804	-0.38307226	0.16938977	9.798869	-0.3489549	9.986854E-5	-0.0025632926	-0.0051265853	-0.08559271	0.026934769	-0.034117375	5.0264363	11.36056	2.8652592	0.08855108	0.71410537	0.69051194	0.073522024
20150503_221230	20150503_221230.260	0.090979666	9.903615	-0.39983168	0.16894086	9.798869	-0.34910452	-0.0030959249	-0.001498028	-0.002996056	-0.0827496	0.037708677	-0.02439093	5.0686855	12.190344	2.6667657	0.0885339	0.7141125	0.69050497	0.07353997
20150503_221230	20150503_221230.290	0.08619126	9.872491	-0.427365	0.16849194	9.798869	-0.3494038	-0.006291718	-0.0036285568	-0.0061918497	-0.07751228	0.10474633	-0.050427873	5.1319914	12.553909	2.648047	0.08851823	0.71412444	0.69049275	0.07355641
20150503_221230	20150503_221230.335	0.08499416	9.850943	-0.41180268	0.16744448	9.798869	-0.350152	0.0118177775	0.003828294	0.007656588	-0.08245032	0.05207389	-0.061650693	5.325353	12.664488	2.3191278	0.08848628	0.7141574	0.6904591	0.0735901
20150503_221230	20150503_221230.363	0.10175357	9.838972	-0.415394	0.16699557	9.798869	-0.3506009	0.0075567197	0.005958823	0.0012650015	-0.065242	0.040102877	-0.06479308	5.610753	12.543603	2.0238116	0.088473886	0.71417266	0.69044363	0.073603235
20150503_221230	20150503_221230.390	0.10175357	9.838972	-0.415394	0.16699557	9.798869	-0.3506009	0.0075567197	0.005958823	0.0012650015	-0.065242	0.040102877	-0.06479308	5.610753	12.543603	2.0238116	0.088473886	0.71417266	0.69044363	0.073603235
20150503_221230	20150503_221230.428	0.10654198	9.854534	-0.3866636	0.16639702	9.798869	-0.3510498	-0.006291718	0.0080893515	0.0055260593	-0.055365913	0.08080431	-0.0537199	5.996307	12.2273855	1.317128	0.088463046	0.7141849	0.69043106	0.07361467
20150503_221230	20150503_221230.461	0.10295067	9.836577	-0.39264908	0.16594811	9.798869	-0.3513491	0.0032956619	0.003828294	0.0065913238	-0.06299743	0.037708677	-0.04129998	6.075962	12.052851	1.141759	0.08843842	0.7142038	0.69041204	0.07364056
20150503_221230	20150503_221230.488	0.10295067	9.836577	-0.39264908	0.16594811	9.798869	-0.3513491	0.0032956619	0.003828294	0.0065913238	-0.06299743	0.037708677	-0.04129998	6.075962	12.052851	1.141759	0.08843842	0.7142038	0.69041204	0.07364056
20150503_221230	20150503_221230.528	0.12569559	9.841366	-0.37349546	0.16534956	9.798869	-0.35164836	-0.0030959249	0.0027630297	0.010852382	-0.039653964	0.04249708	-0.02184709	6.0011563	11.696704	1.234177	0.08841659	0.7142172	0.6903985	0.07366343
20150503_221230	20150503_221230.572	0.107739076	9.874885	-0.37588966	0.16490065	9.798869	-0.351798	-0.012683305	0.0016977652	0.009787117	-0.057161566	0.076015905	-0.024091655	6.016045	11.50552	1.342358	0.088404626	0.7142232	0.6903923	0.07367592
20150503_221230	20150503_221230.611	0.11372458	9.94312	-0.39983168	0.16460137	9.798869	-0.35194764	-0.013748569	0.003828294	0.009787117	-0.050876785	0.14425065	-0.047884032	6.071748	11.457662	1.5838202	0.08839435	0.7142337	0.69038177	0.07368677
20150503_221230	20150503_221230.645	0.12090719	9.825804	-0.37469256	0.1643021	9.798869	-0.35209727	0.0043609263	0.0080893515	0.010852382	-0.043394905	0.026934769	-0.022595279	6.135915	11.487728	1.9302148	0.08838548	0.7142395	0.690376	0.073696084
20150503_221230	20150503_221230.704	0.1604115	9.825804	-0.35913026	0.16415246	9.798869	-0.35239655	0.016078835	0.0048935586	0.007656588	-0.0037409402	0.026934769	-0.0067336923	6.2508044	11.291344	2.6988158	0.08837848	0.7142489	0.6903663	0.07370351
20150503_221230	20150503_221230.793	0.11971009	9.849746	-0.39863458	0.16355391	9.798869	-0.35299513	0.0022303974	-0.008954879	-0.0072571137	-0.043843817	0.050876785	-0.04563947	6.0749297	9.800377	4.029669	0.08836288	0.7142746	0.69034004	0.073720165
20150503_221230	20150503_221230.809	0.11971009	9.849746	-0.39863458	0.16355391	9.798869	-0.35299513	0.0022303974	-0.008954879	-0.0072571137	-0.043843817	0.050876785	-0.04563947	6.0749297	9.800377	4.029669	0.08836288	0.7142746	0.69034004	0.073720165
20150503_221230	20150503_221230.817	0.11971009	9.849746	-0.39863458	0.16355391	9.798869	-0.35299513	0.0022303974	-0.008954879	-0.0072571137	-0.043843817	0.050876785	-0.04563947	6.0749297	9.800377	4.029669	0.08836288	0.7142746	0.69034004	0.073720165
20150503_221230	20150503_221230.858	0.12569559	9.846154	-0.39384618	0.163105	9.798869	-0.35359368	9.986854E-5	-0.010020143	-0.004061321	-0.037409402	0.047285482	-0.040252518	5.609522	9.681721	4.384614	0.0883476	0.7142953	0.69031847	0.073736325
20150503_221230	20150503_221230.909	0.110133275	9.8437605	-0.39983168	0.16280572	9.798869	-0.35389295	-0.0020306604	-0.012150672	0.002330266	-0.05267244	0.044891283	-0.045938745	5.2681355	10.114299	4.0572457	0.08833737	0.71430624	0.69030756	0.07374713
20150503_221231	20150503_221231.027	0.14844051	9.830592	-0.3890578	0.1619079	9.798869	-0.35464114	0.001165133	0.0048935586	0.008721853	-0.029029695	0.065242	-0.029628245	5.3528404	11.5034685	1.8186275	0.08830907	0.71433693	0.6902763	0.07377701
20150503_221231	20150503_221231.166	0.02873042	9.783905	-0.37828386	0.16115971	9.798719	-0.35583824	9.986854E-5	-0.007889614	-0.008322379	-0.04623802	0.033069912	-0.052373163	5.6099076	11.82948	1.2192718	0.08828994	0.71438426	0.6902275	0.07379768
20150503_221231	20150503_221231.260	-0.0011971008	10.132261	-0.5746084	0.11656769	9.799019	-0.36736032	0.0118177775	0.026198847	-0.0615856	-0.11776479	0.33324295	-0.20724809	5.827641	12.181368	1.967511	0.086318925	0.715034	0.68968034	0.074942596
20150503_221231	20150503_221231.297	0.21068975	9.811439	-0.39025488	0.11327567	9.79827	-0.38771105	0.06295047	0.054960985	-0.023236081	0.097414084	0.01316811	-0.0025438394	5.994252	12.541259	1.9102122	0.08561583	0.7158466	0.68899083	0.07433183
20150503_221231	20150503_221231.344	0.22984336	9.876082	-0.50397944	0.117615156	9.797373	-0.4091092	0.05549362	0.042177815	-8.6552737E-4	0.11222821	0.07870938	-0.09487024	6.0228043	12.922716	2.0196154	0.08534914	0.7166387	0.68827933	0.07359469
20150503_221231	20150503_221231.456	0.02633622	9.794679	-0.47405192	0.057760116	9.795278	-0.46627077	-0.008422247	-0.008954879	-0.09886985	-0.031423897	-5.985504E-4	-0.0077811554	6.582756	10.786499	3.8863602	0.08249425	0.71900284	0.68604904	0.07460839
20150503_221231	20150503_221231.505	-0.1448492	9.901221	-0.47644615	0.022296004	9.795727	-0.4607342	-0.014813834	-0.018542258	-0.09780459	-0.08693945	-0.0058358666	0.021398177	6.3848968	9.9311075	4.3689976	0.08139843	0.71892923	0.68609416	0.0760922
20150503_221231	20150503_221231.695	-0.05746084	9.862914	-0.2645593	-0.06314707	9.798719	-0.38621467	-0.062750734	0.01980726	0.011917646	0.005686229	0.06419453	0.121655375	5.6912346	10.901643	2.870708	0.077201694	0.7167498	0.68856615	0.07865383
20150503_221231	20150503_221231.750	-0.14724341	10.0029745	-0.40102878	-0.06688801	9.799467	-0.3672107	-0.05742441	-0.001498028	-0.002996056	-0.07436989	0.18674773	-2.992752E-4	5.7716837	11.461312	2.4559245	0.0770103	0.7160936	0.6892439	0.078881264
20150503_221232	20150503_221232.412	-0.092176765	10.113108	-0.5327099	-0.262614	9.791836	-0.4695628	-0.039314914	0.02726411	-0.041345574	0.17043723	0.32127193	-0.06314707	5.3816104	10.061282	4.074425	0.06458766	0.7209479	0.68532306	0.079967625
20150503_221232	20150503_221232.424	-0.092176765	10.113108	-0.5327099	-0.262614	9.791836	-0.4695628	-0.039314914	0.02726411	-0.041345574	0.17043723	0.32127193	-0.06314707	5.3816104	10.061282	4.074425	0.06458766	0.7209479	0.68532306	0.079967625
20150503_221232	20150503_221232.449	-0.092176765	10.113108	-0.5327099	-0.262614	9.791836	-0.4695628	-0.039314914	0.02726411	-0.041345574	0.17043723	0.32127193	-0.06314707	5.3816104	10.061282	4.074425	0.06458766	0.7209479	0.68532306	0.079967625
20150503_221232	20150503_221232.460	-0.092176765	10.113108	-0.5327099	-0.262614	9.791836	-0.4695628	-0.039314914	0.02726411	-0.041345574	0.17043723	0.32127193	-0.06314707	5.3816104	10.061282	4.074425	0.06458766	0.7209479	0.68532306	0.079967625
20150503_221232	20150503_221232.463	-0.25857377	9.293094	-0.49320555	-0.24645314	9.791686	-0.4801871	0.027796743	0.02726411	0.05133243	-0.012120646	-0.4985925	-0.013018472	5.365782	10.784239	3.7115564	0.06490158	0.7212975	0.68503165	0.07905243
20150503_221232	20150503_221232.521	-0.22026655	9.848549	-0.4225766	-0.22565351	9.792734	-0.47046062	-0.013748569	-0.007889614	0.02257029	0.0053869537	0.05581483	0.047884032	5.90879	11.762209	3.1216576	0.06550453	0.7208954	0.68549037	0.078243434
20150503_221232	20150503_221232.639	-0.22026655	9.848549	-0.4225766	-0.22565351	9.792734	-0.47046062	-0.013748569	-0.007889614	0.02257029	0.0053869537	0.05581483	0.047884032	5.90879	11.762209	3.1216576	0.06550453	0.7208954	0.68549037	0.078243434
20150503_221232	20150503_221232.642	-0.22026655	9.848549	-0.4225766	-0.22565351	9.792734	-0.47046062	-0.013748569	-0.007889614	0.02257029	0.0053869537	0.05581483	0.047884032	5.90879	11.762209	3.1216576	0.06550453	0.7208954	0.68549037	0.078243434
20150503_221232	20150503_221232.645	-0.22026655	9.848549	-0.4225766	-0.22565351	9.792734	-0.47046062	-0.013748569	-0.007889614	0.02257029	0.0053869537	0.05581483	0.047884032	5.90879	11.762209	3.1216576	0.06550453	0.7208954	0.68549037	0.078243434
20150503_221232	20150503_221232.648	-0.22026655	9.848549	-0.4225766	-0.22565351	9.792734	-0.47046062	-0.013748569	-0.007889614	0.02257029	0.0053869537	0.05581483	0.047884032	5.90879	11.762209	3.1216576	0.06550453	0.7208954	0.68549037	0.078243434
20150503_221232	20150503_221232.651	-0.22026655	9.848549	-0.4225766	-0.22565351	9.792734	-0.47046062	-0.013748569	-0.007889614	0.02257029	0.0053869537	0.05581483	0.047884032	5.90879	11.762209	3.1216576	0.06550453	0.7208954	0.68549037	0.078243434
20150503_221232	20150503_221232.653	-0.22026655	9.848549	-0.4225766	-0.22565351	9.792734	-0.47046062	-0.013748569	-0.007889614	0.02257029	0.0053869537	0.05581483	0.047884032	5.90879	11.762209	3.1216576	0.06550453	0.7208954	0.68549037	0.078243434
20150503_221232	20150503_221232.666	-0.22026655	9.848549	-0.4225766	-0.22565351	9.792734	-0.47046062	-0.013748569	-0.007889614	0.02257029	0.0053869537	0.05581483	0.047884032	5.90879	11.762209	3.1216576	0.06550453	0.7208954	0.68549037	0.078243434
20150503_221232	20150503_221232.668	-0.22026655	9.848549	-0.4225766	-0.22565351	9.792734	-0.47046062	-0.013748569	-0.007889614	0.02257029	0.0053869537	0.05581483	0.047884032	5.90879	11.762209	3.1216576	0.06550453	0.7208954	0.68549037	0.078243434
20150503_221232	20150503_221232.674	-0.22026655	9.848549	-0.4225766	-0.22565351	9.792734	-0.47046062	-0.013748569	-0.007889614	0.02257029	0.0053869537	0.05581483	0.047884032	5.90879	11.762209	3.1216576	0.06550453	0.7208954	0.68549037	0.078243434
20150503_221232	20150503_221232.677	-0.22026655	9.848549	-0.4225766	-0.22565351	9.792734	-0.47046062	-0.013748569	-0.007889614	0.02257029	0.0053869537	0.05581483	0.047884032	5.90879	11.762209	3.1216576	0.06550453	0.7208954	0.68549037	0.078243434
20150503_221232	20150503_221232.680	-0.22026655	9.848549	-0.4225766	-0.22565351	9.792734	-0.47046062	-0.013748569	-0.007889614	0.02257029	0.0053869537	0.05581483	0.047884032	5.90879	11.762209	3.1216576	0.06550453	0.7208954	0.68549037	0.078243434
20150503_221232	20150503_221232.685	-0.22026655	9.848549	-0.4225766	-0.22565351	9.792734	-0.47046062	-0.013748569	-0.007889614	0.02257029	0.0053869537	0.05581483	0.047884032	5.90879	11.762209	3.1216576	0.06550453	0.7208954	0.68549037	0.078243434
20150503_221232	20150503_221232.691	-0.22026655	9.848549	-0.4225766	-0.22565351	9.792734	-0.47046062	-0.013748569	-0.007889614	0.02257029	0.0053869537	0.05581483	0.047884032	5.90879	11.762209	3.1216576	0.06550453	0.7208954	0.68549037	0.078243434
20150503_221232	20150503_221232.707	-0.1592144	9.849746	-0.5363012	-0.21143794	9.7919855	-0.4906617	-0.013748569	-0.007889614	0.02257029	0.0053869537	0.05581483	0.047884032	5.90879	11.762209	3.1216576	0.06550453	0.7208954	0.68549037	0.078243434
20150503_221232	20150503_221232.742	-0.16639702	9.965864	-0.7553706	-0.17881694	9.790789	-0.5279215	0.044840973	0.05069993	0.04387558	0.012419921	0.175076	-0.22744916	6.413361	12.736248	1.9524064	0.06522369	0.7229534	0.68378675	0.07429765
20150503_221232	20150503_221232.751	-0.16639702	9.965864	-0.7553706	-0.17881694	9.790789	-0.5279215	0.044840973	0.05069993	0.04387558	0.012419921	0.175076	-0.22744916	6.413361	12.736248	1.9524064	0.06522369	0.7229534	0.68378675	0.07429765
20150503_221232	20150503_221232.777	-0.16639702	9.965864	-0.7553706	-0.17881694	9.790789	-0.5279215	0.044840973	0.05069993	0.04387558	0.012419921	0.175076	-0.22744916	6.413361	12.736248	1.9524064	0.06522369	0.7229534	0.68378675	0.07429765
20150503_221232	20150503_221232.789	-0.16639702	9.965864	-0.7553706	-0.17881694	9.790789	-0.5279215	0.044840973	0.05069993	0.04387558	0.012419921	0.175076	-0.22744916	6.413361	12.736248	1.9524064	0.06522369	0.7229534	0.68378675	0.07429765
20150503_221232	20150503_221232.805	-0.16639702	9.965864	-0.7553706	-0.17881694	9.790789	-0.5279215	0.044840973	0.05069993	0.04387558	0.012419921	0.175076	-0.22744916	6.413361	12.736248	1.9524064	0.06522369	0.7229534	0.68378675	0.07429765
20150503_221232	20150503_221232.817	-0.16639702	9.965864	-0.7553706	-0.17881694	9.790789	-0.5279215	0.044840973	0.05069993	0.04387558	0.012419921	0.175076	-0.22744916	6.413361	12.736248	1.9524064	0.06522369	0.7229534	0.68378675	0.07429765
20150503_221232	20150503_221232.850	-0.031124622	9.630676	-0.4285621	-0.09696517	9.790489	-0.55335987	-0.010552776	0.042177815	0.04707137	0.06584055	-0.15981296	0.12479776	7.0973263	11.737005	2.2483938	0.06583633	0.72379345	0.68339574	0.06898473
20150503_221232	20150503_221232.853	-0.031124622	9.630676	-0.4285621	-0.09696517	9.790489	-0.55335987	-0.010552776	0.042177815	0.04707137	0.06584055	-0.15981296	0.12479776	7.0973263	11.737005	2.2483938	0.06583633	0.72379345	0.68339574	0.06898473
20150503_221232	20150503_221232.937	-0.12090719	9.858126	-0.3184288	-0.10684125	9.793931	-0.48602295	-0.036119122	6.3250074E-4	-0.0051265853	-0.014065935	0.06419453	0.16759412	7.1068277	10.65589	2.6402953	0.06499472	0.72149086	0.6858711	0.06933564
20150503_221232	20150503_221232.955	-0.12090719	9.858126	-0.3184288	-0.10684125	9.793931	-0.48602295	-0.036119122	6.3250074E-4	-0.0051265853	-0.014065935	0.06419453	0.16759412	7.1068277	10.65589	2.6402953	0.06499472	0.72149086	0.6858711	0.06933564
20150503_221232	20150503_221232.960	-0.12090719	9.858126	-0.3184288	-0.10684125	9.793931	-0.48602295	-0.036119122	6.3250074E-4	-0.0051265853	-0.014065935	0.06419453	0.16759412	7.1068277	10.65589	2.6402953	0.06499472	0.72149086	0.6858711	0.06933564
20150503_221232	20150503_221232.972	-0.12330139	9.884461	-0.21188685	-0.10758944	9.794978	-0.46387658	-0.03824965	-0.015346466	1.9973709E-4	-0.015711948	0.08948329	0.25198972	6.9913125	10.068256	3.047756	0.06507846	0.7207023	0.6866635	0.0696156
20150503_221232	20150503_221232.976	-0.12330139	9.884461	-0.21188685	-0.10758944	9.794978	-0.46387658	-0.03824965	-0.015346466	1.9973709E-4	-0.015711948	0.08948329	0.25198972	6.9913125	10.068256	3.047756	0.06507846	0.7207023	0.6866635	0.0696156
20150503_221232	20150503_221232.986	-0.12330139	9.884461	-0.21188685	-0.10758944	9.794978	-0.46387658	-0.03824965	-0.015346466	1.9973709E-4	-0.015711948	0.08948329	0.25198972	6.9913125	10.068256	3.047756	0.06507846	0.7207023	0.6866635	0.0696156
20150503_221232	20150503_221232.992	-0.12330139	9.884461	-0.21188685	-0.10758944	9.794978	-0.46387658	-0.03824965	-0.015346466	1.9973709E-4	-0.015711948	0.08948329	0.25198972	6.9913125	10.068256	3.047756	0.06507846	0.7207023	0.6866635	0.0696156
20150503_221232	20150503_221232.996	-0.12330139	9.884461	-0.21188685	-0.10758944	9.794978	-0.46387658	-0.03824965	-0.015346466	1.9973709E-4	-0.015711948	0.08948329	0.25198972	6.9913125	10.068256	3.047756	0.06507846	0.7207023	0.6866635	0.0696156
20150503_221233	20150503_221233.007	-0.23104046	10.146626	-0.41299978	-0.115969144	9.795577	-0.44861355	-0.04038018	-0.048369665	-0.0104529075	-0.11507132	0.3510498	0.03561375	6.8065176	9.729571	3.495404	0.06530743	0.7201406	0.6871387	0.07052007
20150503_221233	20150503_221233.014	-0.23104046	10.146626	-0.41299978	-0.115969144	9.795577	-0.44861355	-0.04038018	-0.048369665	-0.0104529075	-0.11507132	0.3510498	0.03561375	6.8065176	9.729571	3.495404	0.06530743	0.7201406	0.6871387	0.07052007
20150503_221233	20150503_221233.017	-0.23104046	10.146626	-0.41299978	-0.115969144	9.795577	-0.44861355	-0.04038018	-0.048369665	-0.0104529075	-0.11507132	0.3510498	0.03561375	6.8065176	9.729571	3.495404	0.06530743	0.7201406	0.6871387	0.07052007
20150503_221233	20150503_221233.023	-0.23104046	10.146626	-0.41299978	-0.115969144	9.795577	-0.44861355	-0.04038018	-0.048369665	-0.0104529075	-0.11507132	0.3510498	0.03561375	6.8065176	9.729571	3.495404	0.06530743	0.7201406	0.6871387	0.07052007
20150503_221233	20150503_221233.026	-0.23104046	10.146626	-0.41299978	-0.115969144	9.795577	-0.44861355	-0.04038018	-0.048369665	-0.0104529075	-0.11507132	0.3510498	0.03561375	6.8065176	9.729571	3.495404	0.06530743	0.7201406	0.6871387	0.07052007
20150503_221233	20150503_221233.046	-0.20350714	9.951499	-0.4357447	-0.11402386	9.795427	-0.4547487	0.022470422	-0.051565457	0.018309232	-0.08948329	0.15607202	0.019003976	6.729141	9.606522	3.9330144	0.06602582	0.7202929	0.6868576	0.07102905
20150503_221233	20150503_221233.056	-0.20350714	9.951499	-0.4357447	-0.11402386	9.795427	-0.4547487	0.022470422	-0.051565457	0.018309232	-0.08948329	0.15607202	0.019003976	6.729141	9.606522	3.9330144	0.06602582	0.7202929	0.6868576	0.07102905
20150503_221233	20150503_221233.064	-0.20350714	9.951499	-0.4357447	-0.11402386	9.795427	-0.4547487	0.022470422	-0.051565457	0.018309232	-0.08948329	0.15607202	0.019003976	6.729141	9.606522	3.9330144	0.06602582	0.7202929	0.6868576	0.07102905
20150503_221233	20150503_221233.070	-0.08379706	9.645041	-0.2705448	-0.087538	9.795128	-0.46537295	0.054428354	-0.02812964	0.0822251	0.0037409402	-0.15008652	0.19482817	6.733231	9.685047	4.2940483	0.06737897	0.7205458	0.68652695	0.0703892
20150503_221233	20150503_221233.112	-0.045489833	9.651027	-0.2825158	-0.049530048	9.7958765	-0.45609543	-0.009487512	-0.020672787	0.11737882	0.004040215	-0.1448492	0.17357962	6.56757	9.91853	4.5618854	0.06899668	0.72006136	0.6869827	0.06932419
20150503_221233	20150503_221233.116	-0.045489833	9.651027	-0.2825158	-0.049530048	9.7958765	-0.45609543	-0.009487512	-0.020672787	0.11737882	0.004040215	-0.1448492	0.17357962	6.56757	9.91853	4.5618854	0.06899668	0.72006136	0.6869827	0.06932419
20150503_221233	20150503_221233.125	-0.045489833	9.651027	-0.2825158	-0.049530048	9.7958765	-0.45609543	-0.009487512	-0.020672787	0.11737882	0.004040215	-0.1448492	0.17357962	6.56757	9.91853	4.5618854	0.06899668	0.72006136	0.6869827	0.06932419
20150503_221233	20150503_221233.131	-0.19752164	10.3214035	-0.7374141	-0.049530048	9.7958765	-0.45609543	-0.009487512	-0.020672787	0.11737882	0.004040215	-0.1448492	0.17357962	6.56757	9.91853	4.5618854	0.06899668	0.72006136	0.6869827	0.06932419
20150503_221233	20150503_221233.154	-0.19752164	10.3214035	-0.7374141	-0.050727148	9.7958765	-0.45415014	-0.035053857	-0.055826515	0.015113439	-0.1467945	0.5255273	-0.28326398	6.3239384	10.298572	4.539189	0.06962022	0.7199352	0.6869812	0.07002358
20150503_221233	20150503_221233.174	-0.2693477	10.164583	-0.8391677	-0.07347207	9.793931	-0.49350482	0.08319049	-0.041978076	-0.04560663	-0.19587563	0.37065235	-0.34566286	6.3436866	10.836684	4.1149936	0.06943892	0.7213422	0.6854037	0.07117199
20150503_221233	20150503_221233.179	-0.2693477	10.164583	-0.8391677	-0.07347207	9.793931	-0.49350482	0.08319049	-0.041978076	-0.04560663	-0.19587563	0.37065235	-0.34566286	6.3436866	10.836684	4.1149936	0.06943892	0.7213422	0.6854037	0.07117199
20150503_221233	20150503_221233.197	-0.2693477	10.164583	-0.8391677	-0.07347207	9.793931	-0.49350482	0.08319049	-0.041978076	-0.04560663	-0.19587563	0.37065235	-0.34566286	6.3436866	10.836684	4.1149936	0.06943892	0.7213422	0.6854037	0.07117199
20150503_221233	20150503_221233.211	-0.22864626	9.864111	-0.8834604	-0.08933365	9.79019	-0.56039286	0.16841164	0.02193779	-0.033888724	-0.13931261	0.07392098	-0.3230676	6.485314	11.388307	3.5533268	0.06883887	0.7237601	0.68290305	0.07124592
20150503_221233	20150503_221233.218	-0.22864626	9.864111	-0.8834604	-0.08933365	9.79019	-0.56039286	0.16841164	0.02193779	-0.033888724	-0.13931261	0.07392098	-0.3230676	6.485314	11.388307	3.5533268	0.06883887	0.7237601	0.68290305	0.07124592
20150503_221233	20150503_221233.234	-0.05626374	9.645041	-0.81761986	-0.08304887	9.786449	-0.62249243	0.16628112	0.09224524	0.010852382	0.026785132	-0.14140753	-0.19512744	6.538341	11.822334	3.066885	0.068174474	0.72600734	0.6807349	0.069755055
20150503_221233	20150503_221233.239	-0.05626374	9.645041	-0.81761986	-0.08304887	9.786449	-0.62249243	0.16628112	0.09224524	0.010852382	0.026785132	-0.14140753	-0.19512744	6.538341	11.822334	3.066885	0.068174474	0.72600734	0.6807349	0.069755055
20150503_221233	20150503_221233.242	-0.05626374	9.645041	-0.81761986	-0.08304887	9.786449	-0.62249243	0.16628112	0.09224524	0.010852382	0.026785132	-0.14140753	-0.19512744	6.538341	11.822334	3.066885	0.068174474	0.72600734	0.6807349	0.069755055
20150503_221233	20150503_221233.249	-0.05626374	9.645041	-0.81761986	-0.08304887	9.786449	-0.62249243	0.16628112	0.09224524	0.010852382	0.026785132	-0.14140753	-0.19512744	6.538341	11.822334	3.066885	0.068174474	0.72600734	0.6807349	0.069755055
20150503_221233	20150503_221233.254	-0.05626374	9.645041	-0.81761986	-0.08304887	9.786449	-0.62249243	0.16628112	0.09224524	0.010852382	0.026785132	-0.14140753	-0.19512744	6.538341	11.822334	3.066885	0.068174474	0.72600734	0.6807349	0.069755055
20150503_221233	20150503_221233.257	-0.05626374	9.645041	-0.81761986	-0.08304887	9.786449	-0.62249243	0.16628112	0.09224524	0.010852382	0.026785132	-0.14140753	-0.19512744	6.538341	11.822334	3.066885	0.068174474	0.72600734	0.6807349	0.069755055
20150503_221233	20150503_221233.273	0.073023155	9.522937	-0.6691794	-0.0676362	9.7842045	-0.6596026	0.1098221	0.108224206	0.024700819	0.14065935	-0.26126727	-0.009576807	6.5682507	12.084589	2.6087413	0.06755518	0.7273669	0.67953706	0.06784533
20150503_221233	20150503_221233.292	0.073023155	9.522937	-0.6691794	-0.0676362	9.7842045	-0.6596026	0.1098221	0.108224206	0.024700819	0.14065935	-0.26126727	-0.009576807	6.5682507	12.084589	2.6087413	0.06755518	0.7273669	0.67953706	0.06784533
20150503_221233	20150503_221233.295	0.073023155	9.522937	-0.6691794	-0.0676362	9.7842045	-0.6596026	0.1098221	0.108224206	0.024700819	0.14065935	-0.26126727	-0.009576807	6.5682507	12.084589	2.6087413	0.06755518	0.7273669	0.67953706	0.06784533
20150503_221233	20150503_221233.301	-0.016759412	9.890448	-0.91697925	-0.069132574	9.782558	-0.68144965	0.040579915	0.06987469	-0.015779229	0.052373163	0.10788871	-0.23552959	6.655429	12.183194	2.210267	0.06671366	0.7282108	0.67879736	0.06702696
20150503_221233	20150503_221233.327	-0.016759412	9.890448	-0.91697925	-0.069132574	9.782558	-0.68144965	0.040579915	0.06987469	-0.015779229	0.052373163	0.10788871	-0.23552959	6.655429	12.183194	2.210267	0.06671366	0.7282108	0.67879736	0.06702696
20150503_221233	20150503_221233.334	-0.04070143	9.646238	-0.78769237	-0.06584055	9.781362	-0.6988076	0.04164518	0.07200522	0.002330266	0.025139118	-0.13512276	-0.08888474	6.7081623	12.24351	1.9191725	0.06601614	0.7288833	0.67824084	0.066034116
20150503_221233	20150503_221233.358	-0.04070143	9.646238	-0.78769237	-0.06584055	9.781362	-0.6988076	0.04164518	0.07200522	0.002330266	0.025139118	-0.13512276	-0.08888474	6.7081623	12.24351	1.9191725	0.06601614	0.7288833	0.67824084	0.066034116
20150503_221233	20150503_221233.391	0.0	9.475053	-0.60573304	-0.058358666	9.781362	-0.6998551	0.010752513	0.0815926	0.010852382	0.058358666	-0.30630818	0.09412205	6.6003885	12.288444	1.8112186	0.06530173	0.7289828	0.678318	0.06484005
20150503_221233	20150503_221233.425	0.023942016	9.689334	-0.59256494	-0.06180033	9.782858	-0.6783073	-0.05742441	0.05602625	-0.024301345	0.08574235	-0.0935235	0.08574235	6.4521384	12.242905	1.9160264	0.0644117	0.72830826	0.6791703	0.06438962
20150503_221233	20150503_221233.457	0.037110128	9.7084875	-0.36990416	-0.07032967	9.785401	-0.6397008	-0.08831708	0.013415674	-0.039215047	0.1074398	-0.07691373	0.2697966	6.4326763	12.148327	1.9829285	0.06379706	0.7270098	0.68059295	0.0646528
20150503_221233	20150503_221233.490	-0.019153614	9.810242	-0.32680854	-0.08619126	9.788693	-0.58672905	-0.13199292	-0.06434863	-0.05199822	0.06703765	0.021547815	0.2599205	6.5231147	12.049049	1.8848661	0.06381135	0.7251495	0.68243414	0.06610548
20150503_221233	20150503_221233.523	-0.17357962	10.0987425	-0.4381389	-0.101454295	9.791686	-0.52986676	-0.16075505	-0.12613396	-0.031758197	-0.07212532	0.30705637	0.09172785	6.6035986	11.952334	1.7125837	0.064581364	0.72307825	0.6843434	0.068272285
20150503_221233	20150503_221233.557	-0.25258827	10.059238	-0.47405192	-0.10310031	9.793781	-0.4897639	-0.11814448	-0.12293817	0.018309232	-0.14948797	0.26545712	0.015711948	6.7227798	11.890836	1.479574	0.065873645	0.72154796	0.68567216	0.069878176
20150503_221233	20150503_221233.592	-0.22864626	9.916783	-0.3842694	-0.095768064	9.794978	-0.46776715	-0.056359146	-0.08245812	0.041745048	-0.1328782	0.12180501	0.083497785	6.9407754	11.902869	1.2488416	0.06706859	0.7206601	0.68641084	0.070648246
20150503_221233	20150503_221233.626	-0.1376666	9.9550905	-0.34955344	-0.089184016	9.795727	-0.45175594	-0.036119122	-0.05050019	0.027896613	-0.048482586	0.15936404	0.10220248	7.1925015	11.917945	1.2281829	0.06786321	0.7200183	0.68696386	0.07105659
20150503_221233	20150503_221233.659	-0.04189853	9.941922	-0.33518824	-0.07706337	9.796624	-0.43484688	-0.039314914	-0.03345596	0.034288198	0.035164837	0.14529811	0.099658646	7.380812	11.693949	1.4307141	0.06864475	0.7193458	0.68758833	0.07107605
20150503_221233	20150503_221233.689	-0.015562311	9.923966	-0.34356794	-0.06060323	9.797373	-0.42063132	-0.033988595	-0.03558649	0.04707137	0.04504092	0.12659341	0.07706337	7.4273267	11.118033	1.9075958	0.069625676	0.7187463	0.6881293	0.07095168
20150503_221233	20150503_221233.722	-0.01316811	9.925163	-0.427365	-0.044592008	9.797672	-0.4165911	-0.012683305	-0.04517387	0.04707137	0.031423897	0.12749124	-0.010773907	7.3375263	10.384129	2.8071074	0.07073474	0.71849525	0.68828124	0.070923835
20150503_221233	20150503_221233.754	-0.04309563	9.85214	-0.46208093	-0.032770637	9.797373	-0.42482117	0.021405157	-0.04517387	0.03961452	-0.010324995	0.054767363	-0.037259765	7.0816293	9.630974	3.7897823	0.07174317	0.7186873	0.687969	0.07099489
20150503_221233	20150503_221233.787	-0.073023155	9.8042555	-0.49200845	-0.026186582	9.796624	-0.4400842	0.040579915	-0.03345596	0.026831347	-0.04683657	0.007631518	-0.05192425	6.693138	8.97318	4.380103	0.07244102	0.7191543	0.687397	0.071096905
20150503_221233	20150503_221233.821	-0.046686932	9.809045	-0.49799395	-0.021697452	9.796176	-0.4511574	0.028862009	-0.012150672	0.017243968	-0.02498948	0.012868834	-0.04683657	6.3330736	8.639611	4.6067934	0.07279396	0.7195133	0.68698996	0.07103856
20150503_221233	20150503_221233.853	-0.029927522	9.8677025	-0.50517654	-0.02184709	9.796176	-0.45145667	0.009687249	-0.0025632926	0.010852382	-0.00808043	0.07152677	-0.0537199	6.1766353	8.764464	4.7188654	0.07279329	0.71952415	0.6869786	0.07103924
20150503_221233	20150503_221233.886	-0.0047884034	9.895236	-0.5255273	-0.021697452	9.796176	-0.45190558	9.986854E-5	-0.0025632926	0.010852382	0.01690905	0.099060096	-0.073621705	6.1781077	9.29139	4.709472	0.07279825	0.7195384	0.6869637	0.07103402
20150503_221233	20150503_221233.919	-0.046686932	9.879673	-0.5351041	-0.02184709	9.796176	-0.4523545	0.005426191	-0.007889614	0.010852382	-0.024839843	0.083497785	-0.0827496	6.180474	10.024805	4.376692	0.07279463	0.7195556	0.6869457	0.07103778
20150503_221233	20150503_221233.952	-0.06943185	9.870096	-0.5482722	-0.022146367	9.796026	-0.45295304	0.015013571	-0.0068243505	0.007656588	-0.047285482	0.07407062	-0.09531915	6.242184	10.771035	3.8217244	0.072786555	0.71957606	0.6869243	0.07104619
20150503_221233	20150503_221233.985	-0.06584055	9.838972	-0.5530606	-0.023343466	9.795577	-0.46252984	0.019274628	-0.001498028	0.0012650015	-0.04249708	0.043394905	-0.09053075	6.4684844	11.34597	3.359582	0.0727974	0.7199145	0.6865657	0.071072474
20150503_221234	20150503_221234.022	-0.06823475	9.838972	-0.5518635	-0.025887307	9.795128	-0.471957	0.020339893	0.0048935586	-0.002996056	-0.042347442	0.043843817	-0.07990648	6.7879777	11.7401285	3.0332575	0.072683804	0.7202635	0.6862117	0.0710712
20150503_221234	20150503_221234.052	-0.055066638	9.812635	-0.5506664	-0.028281508	9.794828	-0.48048636	0.018209364	0.011285145	-0.0051265853	-0.026785132	0.017806875	-0.070180036	6.9105773	12.058999	2.7621658	0.07248834	0.72058517	0.6859019	0.07099988
20150503_221234	20150503_221234.084	-0.049081136	9.800665	-0.545878	-0.028431145	9.794679	-0.48093528	0.0118177775	0.012350409	-0.009387643	-0.02064999	0.005985504	-0.06494272	6.7515616	12.308483	2.407808	0.07248522	0.72059935	0.6858871	0.07100313
20150503_221234	20150503_221234.118	-0.017956512	9.827001	-0.5279215	-0.028431145	9.794679	-0.48123455	0.001165133	0.009154616	-0.0072571137	0.0104746325	0.03232172	-0.046686932	6.504374	12.386361	1.8908285	0.0724883	0.7206086	0.6858774	0.07099987
20150503_221234	20150503_221234.150	-0.025139118	9.811439	-0.49081135	-0.028431145	9.794679	-0.48123455	-0.010552776	-0.001498028	-0.0019307918	0.0032920274	0.016759412	-0.009576807	6.308548	12.307481	1.3688306	0.07248909	0.7206104	0.6858756	0.070999056
20150503_221234	20150503_221234.183	-0.05865794	9.822212	-0.50278234	-0.028281508	9.794978	-0.47569796	-0.020140156	-0.013215937	0.004460795	-0.030376434	0.027234044	-0.027084406	6.3096347	12.302965	1.0516951	0.072633006	0.72039646	0.6860674	0.0711698
20150503_221234	20150503_221234.218	-0.09696517	9.882068	-0.5434838	-0.026635494	9.795278	-0.4695628	-0.026531743	-0.016411731	0.014048175	-0.07032967	0.08678981	-0.07392098	6.4936295	12.394245	0.9842587	0.07287504	0.7201569	0.686277	0.07132508
20150503_221234	20150503_221234.250	-0.06703765	9.849746	-0.51595044	-0.016609775	9.795577	-0.46417585	-0.022270685	-0.001498028	0.03641873	-0.050427873	0.054168813	-0.051774614	6.6394777	12.394436	0.99004096	0.07324285	0.71992695	0.68651104	0.07101635
20150503_221234	20150503_221234.284	-0.011971008	9.744401	-0.427365	-0.0055365916	9.7958765	-0.4568436	-0.01907489	0.012350409	0.034288198	-0.006434417	-0.051475335	0.029478608	6.678849	12.217467	0.9702617	0.07347774	0.7196467	0.6868316	0.07051251
20150503_221234	20150503_221234.315	0.01436521	9.882068	-0.4381389	-0.0016460137	9.796474	-0.4444237	-0.037184387	0.009154616	0.009787117	0.016011223	0.08559271	0.0062847794	6.6150355	11.931535	1.060961	0.07346569	0.7192044	0.68731606	0.07031639
20150503_221234	20150503_221234.349	0.03232172	9.885659	-0.41180268	0.004489128	9.797223	-0.42960957	-0.042510707	0.003828294	0.015113439	0.027832596	0.08843583	0.017806875	6.4551883	11.694707	1.2607012	0.073586196	0.7186711	0.68788135	0.07011497
20150503_221234	20150503_221234.383	0.017956512	9.858126	-0.4201824	0.010324995	9.797523	-0.41988313	-0.029727535	-0.001498028	0.017243968	0.007631518	0.06060323	-2.992752E-4	6.3553514	11.632138	1.5323633	0.07378432	0.7183033	0.6882597	0.06996223
20150503_221234	20150503_221234.414	0.010773907	9.862914	-0.439336	0.013317747	9.797822	-0.41479546	-0.018009627	-0.0046938215	0.009787117	-0.0025438394	0.065092355	-0.024540568	6.3336315	11.694871	2.0518315	0.073932976	0.71810794	0.68845093	0.06992984
20150503_221234	20150503_221234.448	0.047884032	9.848549	-0.4321534	0.0134673845	9.797822	-0.4149451	-0.0116180405	6.3250074E-4	0.008721853	0.03441665	0.050727148	-0.017208325	6.368365	11.68626	2.7798193	0.07394046	0.71811044	0.6884484	0.069922045
20150503_221234	20150503_221234.480	0.050278235	9.855731	-0.40940848	0.013766659	9.797822	-0.41479546	-0.016944362	6.3250074E-4	0.0055260593	0.036511578	0.057909753	0.0053869537	6.5568023	11.422584	3.4781284	0.07394792	0.71810794	0.688451	0.06991426
20150503_221234	20150503_221234.514	0.046686932	9.910798	-0.4189853	0.015562311	9.7981205	-0.40716392	-0.024401214	-4.3276369E-4	0.002330266	0.031124622	0.11267712	-0.011821371	6.766498	10.970515	4.068565	0.07399333	0.71782935	0.6887399	0.06988019
20150503_221234	20150503_221234.551	0.034715924	9.842564	-0.41060558	0.015711948	9.7981205	-0.40716392	-0.013748569	6.3250074E-4	0.007656588	0.019003976	0.04444237	-0.0034416649	6.7369866	10.621889	4.594525	0.07399728	0.7178293	0.6887401	0.06987608
20150503_221234	20150503_221234.582	0.031124622	9.855731	-0.39624038	0.015861586	9.7981205	-0.40701428	-0.0030959249	6.3250074E-4	-0.0019307918	0.015263036	0.05761048	0.010773907	6.5099945	10.34714	5.0449576	0.07400011	0.7178261	0.6887433	0.06987312
20150503_221234	20150503_221234.612	0.038307227	9.902418	-0.4189853	0.016011223	9.7981205	-0.40716392	-9.653959E-4	-0.001498028	-0.0051265853	0.022296004	0.104297414	-0.011821371	6.2336235	10.043292	5.281073	0.07400491	0.71782726	0.68874216	0.06986813
20150503_221234	20150503_221234.647	0.015562311	9.8198185	-0.3866636	0.016011223	9.7981205	-0.40701428	0.005426191	0.0027630297	0.007656588	-4.4891282E-4	0.021697452	0.020350715	5.9883795	10.052932	5.0711637	0.07400423	0.7178228	0.6887469	0.06986884
20150503_221234	20150503_221234.682	0.031124622	9.850943	-0.40342298	0.016011223	9.7981205	-0.40701428	0.005426191	0.0027630297	1.9973709E-4	0.015113398	0.052822076	0.0035913025	5.9104743	10.566697	4.378016	0.07400718	0.71782124	0.6887484	0.069865756
20150503_221234	20150503_221234.714	0.04309563	9.866506	-0.39504328	0.01616086	9.7981205	-0.40686464	0.005426191	-4.3276369E-4	-0.0072571137	0.026934769	0.06838439	0.011821371	5.9427576	11.278909	3.5615993	0.074012436	0.7178176	0.6887523	0.06986028
20150503_221234	20150503_221234.748	0.037110128	9.836577	-0.3890578	0.0163105	9.7981205	-0.406715	0.0064914552	-0.010020143	-0.0072571137	0.020799628	0.038456865	0.017657237	6.006429	11.81129	2.8776212	0.0740163	0.717813	0.68875694	0.06985623
20150503_221234	20150503_221234.789	-0.03232172	9.837775	-0.4417302	0.008828619	9.797971	-0.41120413	0.0075567197	-0.02599911	-0.0061918497	-0.041150343	0.0398036	-0.030526072	6.460898	12.127408	1.8734624	0.07434378	0.71793896	0.68850774	0.07066729
20150503_221234	20150503_221234.810	-0.03232172	9.837775	-0.4417302	0.008828619	9.797971	-0.41120413	0.0075567197	-0.02599911	-0.0061918497	-0.041150343	0.0398036	-0.030526072	6.460898	12.127408	1.8734624	0.07434378	0.71793896	0.68850774	0.07066729
20150503_221234	20150503_221234.858	-0.049081136	9.872491	-0.44651863	0.0058358666	9.797822	-0.41584292	0.010752513	-0.019607523	-0.0019307918	-0.054917	0.07466917	-0.03067571	6.5728064	12.174527	1.4863043	0.0744894	0.7180851	0.68830717	0.07098279
20150503_221234	20150503_221234.894	-0.023942016	9.888053	-0.46088383	0.0053869537	9.797672	-0.4161422	0.0064914552	0.0048935586	0.0055260593	-0.02932897	0.090381116	-0.044741645	6.627791	12.260527	1.4547224	0.07447411	0.7181006	0.68829083	0.07099874
20150503_221235	20150503_221234.961	0.022744916	9.892841	-0.4441244	0.0053869537	9.797672	-0.41644147	0.0118177775	0.013415674	0.0065913238	0.017357962	0.095169514	-0.027682956	6.8279366	11.943702	1.5396357	0.07447843	0.71810913	0.6882821	0.07099428
20150503_221235	20150503_221235.063	-0.005985504	9.793482	-0.48841715	0.007930793	9.796474	-0.44651863	0.02673148	-0.0068243505	-8.6552737E-4	-0.013916298	-0.002992752	-0.04189853	7.319611	12.010609	1.0476092	0.074707486	0.7191545	0.6871832	0.0708173
20150503_221235	20150503_221235.087	-0.023942016	9.837775	-0.50038815	0.0077811554	9.796325	-0.4468179	0.017144099	-0.008954879	-0.0061918497	-0.03172317	0.041449618	-0.053570263	7.0202193	12.104793	1.3014777	0.07470174	0.71916604	0.6871709	0.07082332
20150503_221235	20150503_221235.203	0.009576807	9.859323	-0.49799395	0.007182605	9.796325	-0.44816464	0.001165133	-0.001498028	0.011917646	-0.038307227	0.0031423897	-0.06539164	7.0271087	11.6786585	2.7194946	0.074685045	0.7192136	0.68712115	0.07084083
20150503_221235	20150503_221235.552	0.08379706	9.812635	-0.40821138	0.032770637	9.797373	-0.42362407	0.009687249	0.003828294	0.0033955304	0.051026423	0.015263036	0.015412673	6.654292	11.712141	1.733493	0.076195896	0.71818244	0.6880513	0.07066592
20150503_221235	20150503_221235.749	0.022744916	9.82341	-0.45370123	0.032770637	9.797373	-0.4245219	0.012883042	-0.001498028	-0.009387643	-0.010025719	0.026036944	-0.029179333	5.602427	12.28239	2.2901683	0.07619661	0.7182148	0.6880174	0.0706653
20150503_221235	20150503_221235.782	0.015562311	9.85214	-0.46926352	0.032621	9.797373	-0.42467153	0.0075567197	-0.001498028	-0.0051265853	-0.017058687	0.054767363	-0.044592008	5.815924	12.524128	2.1183424	0.0761938	0.71822417	0.6880078	0.07066828
20150503_221235	20150503_221235.807	0.015562311	9.85214	-0.46926352	0.032621	9.797373	-0.42467153	0.0075567197	-0.001498028	-0.0051265853	-0.017058687	0.054767363	-0.044592008	5.815924	12.524128	2.1183424	0.0761938	0.71822417	0.6880078	0.07066828
20150503_221235	20150503_221235.837	0.010773907	9.883265	-0.47764325	0.03247136	9.797373	-0.4249708	0.0032956619	-0.001498028	-0.002996056	-0.014514848	0.07511808	-0.050278235	6.1990986	12.778314	2.1318474	0.0761916	0.71823436	0.687997	0.070670605
20150503_221235	20150503_221235.890	0.007182605	9.884461	-0.47884035	0.032172084	9.797223	-0.42556936	0.010752513	0.003828294	-0.0019307918	-0.02498948	0.08723872	-0.05327099	6.480434	12.404853	2.1909466	0.07618356	0.7182561	0.6879743	0.07067908
20150503_221235	20150503_221235.929	0.02633622	9.848549	-0.48841715	0.032172084	9.797223	-0.42586863	0.0118177775	0.0070240875	1.9973709E-4	-0.011821371	0.06808511	-0.054168813	6.6492243	11.7714405	2.3632705	0.07618202	0.7182673	0.6879628	0.070680745
20150503_221236	20150503_221235.967	0.005985504	9.821015	-0.47285482	0.032172084	9.797223	-0.42631754	0.012883042	0.0070240875	-8.6552737E-4	-0.0058358666	0.051325697	-0.062099606	6.7570095	10.999498	2.8935049	0.076182	0.7182801	0.6879493	0.0706808
20150503_221236	20150503_221236.115	-0.016759412	9.835381	-0.51714754	0.03127426	9.797223	-0.42796355	0.0032956619	0.0027630297	0.002330266	-0.048033673	0.03815759	-0.089184016	6.025566	9.654204	4.495986	0.07615834	0.71834135	0.6878854	0.070705734
20150503_221236	20150503_221236.276	0.0047884034	9.859323	-0.49679685	0.030825347	9.797073	-0.43005848	0.0022303974	0.0027630297	0.0055260593	-0.026036944	0.062249243	-0.066738375	6.478972	12.071936	2.025788	0.076148696	0.71841747	0.6878059	0.070716076
20150503_221236	20150503_221236.407	0.046686932	9.822212	-0.48602295	0.03127426	9.797073	-0.43140522	-0.006291718	0.0080893515	0.008721853	0.015412673	0.025139118	-0.054617725	6.648982	12.387532	2.1926825	0.07617135	0.7184619	0.68775934	0.070692554
20150503_221236	20150503_221236.539	0.0023942017	9.846154	-0.50158525	0.031124622	9.796924	-0.43260232	0.005426191	-0.0068243505	-8.6552737E-4	-0.012270284	0.044292733	-0.046686932	6.534331	12.176266	2.2771792	0.07617836	0.71848994	0.68772995	0.07068533
20150503_221236	20150503_221236.648	0.01436521	9.822212	-0.46806642	0.03067571	9.796924	-0.43350014	9.986854E-5	-0.0036285568	-0.0104529075	-0.0163105	0.025288755	-0.034566287	6.317682	11.903058	1.8835421	0.07616057	0.7185403	0.6876775	0.07070411
20150503_221236	20150503_221236.759	-0.050278235	9.874885	-0.50158525	0.03321955	9.797073	-0.43155485	-0.015879098	0.003828294	0.019374497	-0.083497785	0.077811554	-0.0700304	6.4243145	10.711754	2.9719982	0.07620416	0.71846664	0.68776155	0.07058841
20150503_221236	20150503_221236.955	0.06464344	9.848549	-0.47285482	0.051475335	9.797223	-0.4245219	-9.653959E-4	0.005958823	0.0055260593	0.01316811	0.051325697	-0.04833295	5.408414	11.484684	4.1031537	0.075845994	0.7182536	0.6881836	0.06901021
20150503_221237	20150503_221236.983	0.053869538	9.809045	-0.46088383	0.051475335	9.797223	-0.42467153	-0.0041611893	0.0080893515	0.002330266	0.0023942017	0.011821371	-0.0362123	5.336826	12.092365	3.6003056	0.07584715	0.71826106	0.68817586	0.06900905
20150503_221237	20150503_221237.045	0.039504327	9.855731	-0.44651863	0.051475335	9.797223	-0.4249708	-0.015879098	0.0070240875	-8.6552737E-4	-0.011971008	0.058508303	-0.021547815	5.877823	12.170892	2.9412198	0.07584483	0.718272	0.68816453	0.06901155
20150503_221237	20150503_221237.139	0.03232172	9.882068	-0.4261679	0.05117606	9.797223	-0.42556936	-0.009487512	0.015546203	0.016178703	-0.02124854	0.0058358666	-0.026934769	6.4400744	11.858348	2.2638626	0.07583773	0.71829176	0.6881439	0.06901908
20150503_221237	20150503_221237.206	0.035913024	9.840169	-0.4225766	0.06135142	9.7981205	-0.40252516	-0.024401214	0.032590434	0.026831347	-0.025438393	0.042048167	-0.020051438	6.466625	11.601	1.8936595	0.07515676	0.7175424	0.68911964	0.06781265
20150503_221237	20150503_221237.246	0.05746084	9.854534	-0.4321534	0.07212532	9.79827	-0.39863458	-0.014813834	0.0336557	0.033222936	-0.014664485	0.05626374	-0.033518825	6.4267044	11.820627	2.2838233	0.075134635	0.7174115	0.68933153	0.0670644
20150503_221237	20150503_221237.424	0.1400608	9.883265	-0.4417302	0.1328782	9.79842	-0.37903205	-0.0073569827	0.026198847	0.044940844	-0.015562311	0.060902506	-0.049530048	7.1118236	12.135472	2.8538983	0.07567677	0.71665484	0.69040096	0.0634458
20150503_221237	20150503_221237.646	0.21308395	9.865308	-0.39624038	0.19318216	9.796774	-0.39205053	0.012883042	0.060287308	0.0055260593	0.0199018	0.068534024	-0.004189853	6.4556136	10.125683	5.6303635	0.07295093	0.71740234	0.69052255	0.056486927
20150503_221237	20150503_221237.724	0.1352724	9.797073	-0.4429273	0.20006548	9.796026	-0.40806174	0.025666215	0.063483104	0.019374497	-0.06479308	0.0010474633	-0.034865562	6.463813	11.612401	4.790018	0.07189061	0.7180773	0.6900618	0.054877307
20150503_221237	20150503_221237.767	0.1436521	9.872491	-0.46806642	0.20799628	9.795427	-0.41958386	0.010752513	0.12526844	0.015113439	-0.100855745	0.021697452	-0.038456865	6.7294316	12.378727	3.3190577	0.07097511	0.71841985	0.68989354	0.053688418
20150503_221237	20150503_221237.826	0.25617957	9.838972	-0.37708676	0.21577743	9.795128	-0.4209306	0.0075567197	0.15083478	0.019374497	-0.0134673845	0.05581483	-0.0028431145	6.9259057	12.513784	2.8284419	0.068128005	0.7188994	0.68995297	0.050070897
20150503_221238	20150503_221237.924	0.36272156	9.79827	-0.35434186	0.26919806	9.794081	-0.41629183	9.986854E-5	0.10289788	0.05346296	0.11267712	0.04129998	0.047584757	8.087572	12.464188	2.1186702	0.065266356	0.7190001	0.6905643	0.04359111
20150503_221238	20150503_221238.041	0.31004912	9.848549	-0.4381389	0.33234513	9.792135	-0.41599256	0.0043609263	0.012350409	0.044940844	-0.054617725	-0.027383681	-0.01616086	8.913365	11.988477	2.6297045	0.06643303	0.7188853	0.6907749	0.04025699
20150503_221238	20150503_221238.209	0.4213795	9.811439	-0.3854665	0.39055416	9.790789	-0.3954922	-0.006291718	0.04111255	0.042810313	0.030825347	0.02064999	0.010025719	10.432306	11.247501	3.195736	0.06637147	0.7181629	0.69175625	0.036197305
20150503_221238	20150503_221238.234	0.4333505	9.838972	-0.36272156	0.4062661	9.790339	-0.39025488	-0.0116180405	0.032590434	0.04387558	0.027084406	0.048632223	0.027533319	10.081543	10.724484	3.9137301	0.066542745	0.71795815	0.69199955	0.035282444
20150503_221238	20150503_221238.260	0.439336	9.8916445	-0.3842694	0.42167878	9.79004	-0.38292262	-0.02120542	0.025133582	0.044940844	0.017657237	0.10160393	-0.0013467384	9.3953495	10.316446	4.486722	0.06679459	0.71767336	0.69231164	0.034469683
20150503_221238	20150503_221238.280	0.439336	9.8916445	-0.3842694	0.42167878	9.79004	-0.38292262	-0.02120542	0.025133582	0.044940844	0.017657237	0.10160393	-0.0013467384	9.3953495	10.316446	4.486722	0.06679459	0.71767336	0.69231164	0.034469683
20150503_221238	20150503_221238.392	0.48961425	9.829395	-0.33758244	0.46223056	9.788843	-0.36676177	0.001165133	0.014480938	0.018309232	0.027383681	0.040551793	0.029179333	8.392986	9.998741	4.933694	0.06727027	0.71705705	0.69301564	0.03214382
20150503_221238	20150503_221238.508	0.47644615	9.856929	-0.36272156	0.4623802	9.788843	-0.36661214	0.0022303974	-0.0036285568	0.0065913238	0.014065935	0.06808511	0.0038905777	8.256118	10.823452	3.9526002	0.067276336	0.7170493	0.6930234	0.03213717
20150503_221238	20150503_221238.546	0.47644615	9.856929	-0.36272156	0.4623802	9.788843	-0.36661214	0.0022303974	-0.0036285568	0.0065913238	0.014065935	0.06808511	0.0038905777	8.256118	10.823452	3.9526002	0.067276336	0.7170493	0.6930234	0.03213717
20150503_221238	20150503_221238.580	0.47644615	9.856929	-0.36272156	0.4623802	9.788843	-0.36661214	0.0022303974	-0.0036285568	0.0065913238	0.014065935	0.06808511	0.0038905777	8.256118	10.823452	3.9526002	0.067276336	0.7170493	0.6930234	0.03213717
20150503_221238	20150503_221238.645	0.45489833	9.8437605	-0.37469256	0.4619313	9.788843	-0.36676177	-0.0041611893	-0.005759086	-8.6552737E-4	-0.0070329676	0.054917	-0.007930793	9.320002	11.652334	3.519498	0.06726156	0.7170588	0.6930144	0.032153003
20150503_221238	20150503_221238.672	0.4441244	9.840169	-0.36631286	0.46178165	9.788843	-0.36676177	9.986854E-5	-0.005759086	-8.6552737E-4	-0.017657237	0.051325697	4.4891282E-4	9.269926	11.513317	3.0221846	0.06725717	0.71705866	0.6930147	0.03215756
20150503_221238	20150503_221238.685	0.4441244	9.840169	-0.36631286	0.46178165	9.788843	-0.36676177	9.986854E-5	-0.005759086	-8.6552737E-4	-0.017657237	0.051325697	4.4891282E-4	9.269926	11.513317	3.0221846	0.06725717	0.71705866	0.6930147	0.03215756
20150503_221238	20150503_221238.706	0.4441244	9.840169	-0.36631286	0.46178165	9.788843	-0.36676177	9.986854E-5	-0.005759086	-8.6552737E-4	-0.017657237	0.051325697	4.4891282E-4	9.269926	11.513317	3.0221846	0.06725717	0.71705866	0.6930147	0.03215756
20150503_221238	20150503_221238.738	0.47644615	9.864111	-0.3878607	0.4619313	9.788843	-0.36676177	0.0075567197	-0.014281201	-0.004061321	0.014514848	0.07526772	-0.021098902	9.548368	11.424747	2.5882494	0.067257985	0.7170604	0.6930128	0.03215682
20150503_221239	20150503_221239.007	0.39145198	9.7803135	-0.415394	0.44771573	9.788993	-0.3808277	0.005426191	-0.013215937	1.9973709E-4	-0.05626374	-0.008678981	-0.034566287	9.502427	10.08706	4.6017947	0.06742132	0.7175444	0.6924446	0.03323976
20150503_221239	20150503_221239.110	0.4165911	9.853337	-0.40102878	0.4388871	9.789442	-0.37678748	-0.012683305	-0.014281201	-0.014713965	-0.022296004	0.063895255	-0.024241293	9.312753	9.661889	5.615037	0.067260645	0.71741587	0.6925693	0.033738732
20150503_221239	20150503_221239.172	0.41299978	9.799467	-0.40581718	0.43843818	9.789442	-0.3772364	0.001165133	-0.014281201	-0.015779229	-0.025438393	0.010025719	-0.028580783	8.856713	10.705685	5.204483	0.06724995	0.71742916	0.6925559	0.03375046
20150503_221239	20150503_221239.246	0.3878607	9.868899	-0.36631286	0.41569328	9.791088	-0.36197338	-0.023335949	-0.031325433	-0.022170816	-0.027832596	0.077811554	-0.0043394906	8.520205	13.135306	3.3779705	0.067220226	0.7168911	0.6930327	0.035416313
20150503_221239	20150503_221239.319	0.32680854	9.88925	-0.37588966	0.39100307	9.792285	-0.3564368	-0.010552776	-0.049434926	-0.03495399	-0.06419453	0.09696517	-0.019452889	8.756039	13.278615	2.8216603	0.06739618	0.7166759	0.6931361	0.037359238
20150503_221239	20150503_221239.382	0.37708676	9.85214	-0.32680854	0.3684078	9.793332	-0.35075054	-0.014813834	-0.05263072	-0.021105552	-0.06434417	0.038456865	-0.020350715	8.644739	13.062368	2.9144368	0.0678229	0.7164351	0.69323015	0.039406985
20150503_221239	20150503_221239.453	0.39863458	9.853337	-0.33399114	0.3494038	9.79438	-0.34326866	-0.009487512	-0.08032759	-0.033888724	0.049230773	0.058957215	0.009277532	8.692107	12.32845	2.8366938	0.06874907	0.71607924	0.69337314	0.041688226
20150503_221239	20150503_221239.519	0.44771573	9.7958765	-0.24061728	0.3321955	9.795278	-0.33473933	-0.013748569	-0.14850453	-0.031758197	0.11552023	5.985504E-4	0.09412205	9.0231495	12.229624	2.6827338	0.071190126	0.7155399	0.69345576	0.0453192
20150503_221239	20150503_221239.598	0.4201824	9.967062	-0.2885013	0.31768063	9.796026	-0.32336688	-0.018009627	-0.24224779	-0.016844494	0.10250176	0.17103578	0.034865562	8.764618	12.379925	2.8402183	0.07590472	0.71464825	0.6934813	0.05098978
20150503_221239	20150503_221239.619	0.36870706	9.951499	-0.2765303	0.31768063	9.796026	-0.32336688	-0.018009627	-0.24224779	-0.016844494	0.10250176	0.17103578	0.034865562	8.764618	12.379925	2.8402183	0.07590472	0.71464825	0.6934813	0.05098978
20150503_221239	20150503_221239.730	0.2777274	9.973047	-0.38307226	0.33114803	9.792884	-0.39878422	0.10556105	-0.3594269	0.044940844	-0.053420626	0.18016368	0.015711948	7.874639	11.476726	3.668073	0.092298776	0.71540606	0.6894959	0.065349594
20150503_221239	20150503_221239.814	0.24899697	9.758766	-0.56982	0.3552397	9.784654	-0.55141455	0.1428453	-0.36581847	0.04707137	-0.1062427	-0.025887307	-0.018405426	5.6986094	10.07629	3.8998094	0.10693891	0.71880287	0.68268245	0.07636133
20150503_221239	20150503_221239.827	0.24899697	9.758766	-0.56982	0.3552397	9.784654	-0.55141455	0.1428453	-0.36581847	0.04707137	-0.1062427	-0.025887307	-0.018405426	5.6986094	10.07629	3.8998094	0.10693891	0.71880287	0.68268245	0.07636133
20150503_221239	20150503_221239.837	0.30166942	9.718064	-0.61291564	0.3552397	9.784654	-0.55141455	0.1428453	-0.36581847	0.04707137	-0.1062427	-0.025887307	-0.018405426	5.6986094	10.07629	3.8998094	0.10693891	0.71880287	0.68268245	0.07636133
20150503_221239	20150503_221239.856	0.30166942	9.718064	-0.61291564	0.36272156	9.781661	-0.59750295	0.12580107	-0.35410056	0.050267164	-0.061052144	-0.06359598	-0.015412673	4.9760094	9.618873	3.6881537	0.11165561	0.7197165	0.6805584	0.07988402
20150503_221239	20150503_221239.897	0.36272156	9.755175	-0.6368576	0.37184945	9.778967	-0.6346131	0.100234725	-0.35090476	0.05133243	-0.009127894	-0.023792379	-0.002244564	4.308819	9.175318	3.4931545	0.11637269	0.720284	0.67875165	0.08333404
20150503_221239	20150503_221239.932	0.32920274	9.743204	-0.7182605	0.3796306	9.776573	-0.6667852	0.07892944	-0.3615574	0.05346296	-0.050427873	-0.033369187	-0.051475335	3.9043918	9.183266	3.1372056	0.12115995	0.72063637	0.67708135	0.086973816
20150503_221239	20150503_221239.970	0.30885202	9.827001	-0.8367735	0.3878607	9.774029	-0.6974609	0.06401573	-0.3615574	0.059854545	-0.079008654	0.052971713	-0.13931261	3.6315174	9.687669	2.6115286	0.12597534	0.72089124	0.67545414	0.09059738
20150503_221240	20150503_221240.068	0.2801216	9.765948	-0.8655039	0.40491936	9.768193	-0.76659346	0.035253596	-0.2539657	0.05133243	-0.12479776	-0.002244564	-0.09891046	2.432226	10.591927	0.46368176	0.13781813	0.7211706	0.67154926	0.09970382
20150503_221240	20150503_221240.325	0.38307226	9.841366	-0.90021986	0.34192193	9.758167	-0.91099375	0.06401573	-0.016411731	-0.016844494	0.041150343	0.08319851	0.010773907	1.0066829	9.85935	0.282559	0.14396752	0.7250638	0.66475844	0.10794456
20150503_221240	20150503_221240.344	0.32202014	9.739613	-0.92176765	0.3386299	9.756223	-0.93239194	0.06614626	-0.022803316	-0.0061918497	-0.016609775	-0.016609775	0.01062427	1.1190325	10.064597	0.51374066	0.14424151	0.72576267	0.6639018	0.10815483
20150503_221240	20150503_221240.391	0.2705448	9.832987	-0.94211835	0.32920274	9.754725	-0.9513959	0.059754677	-0.019607523	-0.020040287	-0.05865794	0.07826047	0.009277532	1.2887276	10.058192	0.68280125	0.14424232	0.7264304	0.6631048	0.10855952
20150503_221240	20150503_221240.412	0.2813187	9.849746	-0.9672575	0.31783026	9.75308	-0.9721955	0.065081	-0.008954879	-0.029627668	-0.036511578	0.0966659	0.004938041	1.4076786	9.729276	0.8184189	0.14404647	0.72719604	0.6622521	0.10889797
20150503_221240	20150503_221240.426	0.2813187	9.849746	-0.9672575	0.31783026	9.75308	-0.9721955	0.065081	-0.008954879	-0.029627668	-0.036511578	0.0966659	0.004938041	1.4076786	9.729276	0.8184189	0.14404647	0.72719604	0.6622521	0.10889797
20150503_221240	20150503_221240.436	0.25258827	9.782708	-1.0043676	0.30511108	9.751135	-0.9959879	0.07253785	0.0027630297	-0.032823462	-0.0525228	0.031573534	-0.008379706	1.4343077	9.207517	0.9409103	0.14368345	0.7280997	0.6612997	0.10912665
20150503_221240	20150503_221240.444	0.25258827	9.782708	-1.0043676	0.30511108	9.751135	-0.9959879	0.07253785	0.0027630297	-0.032823462	-0.0525228	0.031573534	-0.008379706	1.4343077	9.207517	0.9409103	0.14368345	0.7280997	0.6612997	0.10912665
20150503_221240	20150503_221240.450	0.25258827	9.782708	-1.0043676	0.30511108	9.751135	-0.9959879	0.07253785	0.0027630297	-0.032823462	-0.0525228	0.031573534	-0.008379706	1.4343077	9.207517	0.9409103	0.14368345	0.7280997	0.6612997	0.10912665
20150503_221240	20150503_221240.467	0.25258827	9.782708	-1.0043676	0.30511108	9.751135	-0.9959879	0.07253785	0.0027630297	-0.032823462	-0.0525228	0.031573534	-0.008379706	1.4343077	9.207517	0.9409103	0.14368345	0.7280997	0.6612997	0.10912665
20150503_221240	20150503_221240.488	0.22984336	9.785102	-1.0402806	0.2923919	9.749189	-1.0175357	0.065081	0.018741995	-0.033888724	-0.06254852	0.035913024	-0.022744916	1.3967268	8.607868	1.211041	0.14310859	0.7289711	0.66045135	0.10920179
20150503_221240	20150503_221240.500	0.22984336	9.785102	-1.0402806	0.2923919	9.749189	-1.0175357	0.065081	0.018741995	-0.033888724	-0.06254852	0.035913024	-0.022744916	1.3967268	8.607868	1.211041	0.14310859	0.7289711	0.66045135	0.10920179
20150503_221240	20150503_221240.514	0.2717419	9.730036	-1.0618285	0.28281507	9.747693	-1.0345944	0.050167296	0.0336557	-0.031758197	-0.011073183	-0.017657237	-0.027234044	1.3656121	8.000647	1.7209038	0.14243697	0.72969896	0.6598207	0.10903145
20150503_221240	20150503_221240.562	0.260968	9.676167	-1.1013328	0.274585	9.746795	-1.0452187	0.027796743	0.04111255	-0.028562402	-0.011222821	-0.05746084	-0.045340195	1.4328232	7.524862	2.2443285	0.14168781	0.73021334	0.65945405	0.108781904
20150503_221240	20150503_221240.624	0.2908955	9.765948	-1.1109096	0.25647885	9.748142	-1.0384849	-0.0307928	0.060287308	-0.040280312	0.03441665	0.017806875	-0.0724246	1.2618926	7.3702717	2.4156733	0.13962561	0.7303754	0.6598053	0.10822866
20150503_221240	20150503_221240.653	0.24540567	9.81503	-1.1540052	0.24121583	9.749489	-1.02816	-0.043575972	0.06880943	-0.054128747	0.004189853	0.065541275	-0.12584522	0.8105684	7.6576133	2.039209	0.13816197	0.7302928	0.66023284	0.10805765
20150503_221240	20150503_221240.692	0.23942018	9.868899	-1.1204864	0.22161329	9.750985	-1.0187328	-0.037184387	0.08798418	-0.07117298	0.017806875	0.11791443	-0.10175357	0.5642713	8.166902	1.4824636	0.13629937	0.7303124	0.66063786	0.10781484
20150503_221240	20150503_221240.716	0.16160862	9.853337	-1.0618285	0.19916765	9.751883	-1.0143933	-0.015879098	0.10289788	-0.085021414	0.04623802	0.14095862	-0.058209028	0.6576535	8.621986	0.94983083	0.13416651	0.73055804	0.6608598	0.107464544
20150503_221240	20150503_221240.824	-0.0047884034	9.8198185	-1.0953473	0.105494514	9.751285	-1.0350434	0.02673148	0.1529653	-0.11058776	-0.11028291	0.068534024	-0.060303956	1.053312	9.560705	0.09229792	0.12612708	0.7327084	0.66024953	0.10630557
20150503_221240	20150503_221240.849	-0.06464344	9.855731	-1.1025299	0.066738375	9.7502365	-1.0476129	0.035253596	0.19131483	-0.1244362	-0.13138182	0.105494514	-0.054917	1.062964	10.132449	-0.01926959	0.12240657	0.73377395	0.65990525	0.105439626
20150503_221241	20150503_221240.893	-0.02873042	9.751583	-0.9911995	0.030376434	9.74859	-1.0649709	0.05336309	0.23179488	-0.12656672	-0.09023148	0.14305355	-0.027982233	1.2101206	10.53434	-0.1315678	0.11829022	0.73505294	0.65945894	0.10401191
20150503_221241	20150503_221241.054	-0.10414778	9.809045	-1.0366893	-0.07212532	9.746795	-1.0788871	-0.0307928	0.23605594	-0.050932955	0.014664485	0.061052144	0.0398036	2.618106	9.830962	0.8632838	0.09889548	0.7383904	0.66050553	0.09344412
20150503_221241	20150503_221241.103	-0.10175357	9.853337	-1.0366893	-0.07766192	9.7502365	-1.0474633	-0.051032823	0.22327277	-0.024301345	-0.024091655	0.10310031	0.010773907	3.3410366	9.653871	0.2706617	0.09296907	0.7380785	0.6623539	0.08879354
20150503_221241	20150503_221241.223	-0.1352724	10.079589	-1.13964	-0.06284779	9.753978	-1.0119991	-0.026531743	0.24457805	0.0033955304	-0.0724246	0.32561144	-0.12764087	4.723174	8.907987	0.73078173	0.084773004	0.73783726	0.66475207	0.08071213
20150503_221241	20150503_221241.285	-0.061052144	9.921572	-1.0151415	-0.03172317	9.747843	-1.0712556	0.13751899	0.27973178	0.033222936	-0.02932897	0.17372926	0.056114104	4.950574	9.045755	0.7440974	0.07944163	0.74047476	0.6633304	0.07334201
20150503_221241	20150503_221241.324	-0.027533319	9.767146	-1.0570401	-0.012569559	9.741858	-1.1242273	0.17054218	0.27973178	0.028961876	-0.014963761	0.025288755	0.06718729	4.8864594	9.168433	0.7905103	0.076885484	0.7425668	0.6617178	0.06937486
20150503_221241	20150503_221241.399	0.050278235	9.659407	-1.1935096	0.0362123	9.729886	-1.2237363	0.065081	0.23392542	0.015113439	0.014065935	-0.07047931	0.030226797	5.8408184	9.002815	1.430873	0.06948137	0.7466984	0.6589024	0.058835477
20150503_221241	20150503_221241.440	0.09816227	9.702502	-1.2389994	0.05312135	9.728539	-1.2339118	0.030992538	0.22007698	0.024700819	-0.004040215	-0.038007952	-0.0074818805	6.3572106	9.209188	1.6132035	0.067397945	0.74723685	0.6587729	0.05579392
20150503_221241	20150503_221241.486	0.09816227	9.702502	-1.2389994	0.07392098	9.727941	-1.2367548	0.009687249	0.2222075	0.033222936	0.024241293	-0.025438393	-0.002244564	6.871553	9.347895	1.6133581	0.065411285	0.7475114	0.65892315	0.052615814
20150503_221241	20150503_221241.501	0.15801731	9.737218	-1.1815386	0.096815534	9.728689	-1.2301707	-0.012683305	0.21688119	0.03641873	0.06120178	0.008529344	0.048632223	7.22374	9.308021	1.5413665	0.06354262	0.7474492	0.65942186	0.04944635
20150503_221241	20150503_221241.557	0.18555063	9.856929	-1.1899183	0.116418056	9.730036	-1.2177508	-0.031858064	0.20090221	0.030027142	0.043993454	0.06703765	0.027832596	7.2802963	9.249808	1.5830532	0.06173184	0.74717844	0.6601082	0.046590235
20150503_221241	20150503_221241.575	0.18555063	9.856929	-1.1899183	0.13332711	9.731532	-1.2035353	-0.03824965	0.18385798	0.023635555	0.052223526	0.12539631	0.013617022	7.2140894	9.298117	1.7451617	0.06003333	0.7468308	0.6608349	0.044011526
20150503_221241	20150503_221241.605	0.1436521	9.840169	-1.1839328	0.14649522	9.732729	-1.1920131	-0.0307928	0.16894428	0.02043976	-0.0028431145	0.1074398	0.00808043	7.2359753	9.328348	1.7842278	0.058395706	0.74656606	0.661429	0.04172341
20150503_221241	20150503_221241.648	0.21188685	9.859323	-1.1755531	0.15771803	9.733328	-1.1857284	-0.01907489	0.1625527	0.014048175	0.008678981	0.14275427	-0.037708677	7.4292192	9.240038	1.5489469	0.056774434	0.746477	0.6618038	0.03955441
20150503_221241	20150503_221241.692	0.29807812	9.792285	-1.1145009	0.18450317	9.732579	-1.1881226	0.021405157	0.13698635	0.016178703	0.113574944	0.059705406	0.073621705	8.2134905	8.932308	1.1509911	0.05410009	0.74675953	0.6619466	0.03535488
20150503_221241	20150503_221241.714	0.29807812	9.792285	-1.1145009	0.18450317	9.732579	-1.1881226	0.021405157	0.13698635	0.016178703	0.113574944	0.059705406	0.073621705	8.2134905	8.932308	1.1509911	0.05410009	0.74675953	0.6619466	0.03535488
20150503_221241	20150503_221241.750	0.33039984	9.727641	-1.0690111	0.19901802	9.731981	-1.1905168	0.020339893	0.09757157	0.017243968	0.13856442	0.012419921	0.09876082	8.718613	8.777316	1.4820694	0.0534143	0.7468869	0.66194284	0.033743482
20150503_221241	20150503_221241.831	0.23822308	9.7719345	-1.1803415	0.23059155	9.733178	-1.1754034	-0.02120542	-0.03558649	0.030027142	0.007631518	0.03875614	-0.004938041	9.191202	9.618119	2.4240208	0.054547988	0.74628955	0.6625776	0.032668773
20150503_221241	20150503_221241.900	0.20470424	9.738416	-1.1384429	0.23807344	9.734824	-1.1601404	-0.027597006	-0.032390695	0.008721853	-0.033369187	0.0035913025	0.021697452	8.927139	9.664344	2.339454	0.05572524	0.74568194	0.66313374	0.03327037
20150503_221242	20150503_221241.993	0.20590134	9.840169	-1.1384429	0.22266077	9.738266	-1.1336545	-0.039314914	-0.021738052	-0.016844494	-0.016759412	0.10190321	-0.0047884034	8.7753105	9.682291	1.7843491	0.055718005	0.7447789	0.66408896	0.0344369
20150503_221242	20150503_221242.198	0.12090719	9.818622	-1.0845734	0.18749592	9.743503	-1.0944494	-0.01907489	-0.023868581	-8.6552737E-4	-0.05581483	0.05117606	-0.0032920274	8.17769	9.753912	1.9167529	0.05686406	0.7433463	0.66539943	0.038032368
20150503_221242	20150503_221242.296	0.15682021	9.801862	-1.0630256	0.18405426	9.745897	-1.0729016	-0.022270685	-0.013215937	0.007656588	-0.023642741	0.09068039	2.992752E-4	8.754233	9.884442	2.0574121	0.057323903	0.74257386	0.6661786	0.03878484
20150503_221242	20150503_221242.435	0.16759412	9.813833	-1.0522517	0.17657238	9.746944	-1.065719	-0.010552776	-0.023868581	-0.008322379	-0.013766659	0.047734395	0.0038905777	9.442321	9.935817	1.1631087	0.057571616	0.742306	0.66641086	0.039547317
20150503_221242	20150503_221242.485	0.17118542	9.800665	-1.0283096	0.17328034	9.74874	-1.0486604	-0.016944362	-0.021738052	0.0033955304	-0.0020949265	0.05192425	0.020350715	9.027078	9.081789	1.4707599	0.058264013	0.7416656	0.66700757	0.0404775
20150503_221242	20150503_221242.568	0.15562311	9.8437605	-1.0378864	0.1726818	9.749788	-1.039682	-0.008422247	-0.019607523	0.004460795	-0.017058687	0.093972415	0.0017956513	8.009969	9.251148	1.8901908	0.058738966	0.74131864	0.66732	0.04099406
20150503_221242	20150503_221242.616	0.14844051	9.81503	-1.0378864	0.17253216	9.749937	-1.0384849	0.001165133	-0.015346466	1.9973709E-4	-0.024091655	0.065092355	5.985504E-4	7.7317257	9.666124	1.8879101	0.05895043	0.7412608	0.66735256	0.041202802